HMMER3/b [3.0 | March 2010]
NAME  CladeE_Alignment_23April13
LENG  284
ALPH  DNA
RF    no
CS    no
MAP   yes
DATE  Thu Apr 25 10:06:36 2013
NSEQ  16
EFFN  1.347656
CKSUM 3122589559
STATS LOCAL MSV      -11.2609  0.70173
STATS LOCAL VITERBI  -11.8983  0.70173
STATS LOCAL FORWARD   -4.7421  0.70173
HMM          A        C        G        T   
            m->m     m->i     m->d     i->m     i->i     d->m     d->d
  COMPO   1.44631  1.37045  1.35321  1.37769
          1.38629  1.38629  1.38629  1.38629
          0.05803  3.56887  3.56887  1.46634  0.26236  0.00000        *
      1   0.35020  2.49752  2.14901  2.33755      1 - -
          1.38629  1.38629  1.38629  1.38629
          0.05803  3.56887  3.56887  1.46634  0.26236  1.09861  0.40547
      2   0.35020  2.49752  2.14901  2.33755      2 - -
          1.38629  1.38629  1.38629  1.38629
          0.05803  3.56887  3.56887  1.46634  0.26236  1.09861  0.40547
      3   2.41896  0.36209  2.49413  2.02345      3 - -
          1.38629  1.38629  1.38629  1.38629
          0.05803  3.56887  3.56887  1.46634  0.26236  1.09861  0.40547
      4   2.41896  0.36209  2.49413  2.02345      4 - -
          1.38629  1.38629  1.38629  1.38629
          0.05803  3.56887  3.56887  1.46634  0.26236  1.09861  0.40547
      5   0.35020  2.49752  2.14901  2.33755      5 - -
          1.38629  1.38629  1.38629  1.38629
          0.05803  3.56887  3.56887  1.46634  0.26236  1.09861  0.40547
      6   0.35020  2.49752  2.14901  2.33755      6 - -
          1.38629  1.38629  1.38629  1.38629
          0.05803  3.56887  3.56887  1.46634  0.26236  1.09861  0.40547
      7   2.26154  2.02666  2.33253  0.40499      7 - -
          1.38629  1.38629  1.38629  1.38629
          0.05803  3.56887  3.56887  1.46634  0.26236  1.09861  0.40547
      8   0.35020  2.49752  2.14901  2.33755      8 - -
          1.38629  1.38629  1.38629  1.38629
          0.05803  3.56887  3.56887  1.46634  0.26236  1.09861  0.40547
      9   2.20442  2.63101  0.31072  2.46791      9 - -
          1.38629  1.38629  1.38629  1.38629
          0.05803  3.56887  3.56887  1.46634  0.26236  1.09861  0.40547
     10   2.41896  0.36209  2.49413  2.02345     10 - -
          1.38629  1.38629  1.38629  1.38629
          0.05803  3.56887  3.56887  1.46634  0.26236  1.09861  0.40547
     11   0.35020  2.49752  2.14901  2.33755     11 - -
          1.38629  1.38629  1.38629  1.38629
          0.05803  3.56887  3.56887  1.46634  0.26236  1.09861  0.40547
     12   2.41896  0.36209  2.49413  2.02345     12 - -
          1.38629  1.38629  1.38629  1.38629
          0.05803  3.56887  3.56887  1.46634  0.26236  1.09861  0.40547
     13   2.41896  0.36209  2.49413  2.02345     13 - -
          1.38629  1.38629  1.38629  1.38629
          0.05803  3.56887  3.56887  1.46634  0.26236  1.09861  0.40547
     14   2.09579  0.46550  2.28958  1.91122     14 - -
          1.38629  1.38629  1.38629  1.38629
          0.05803  3.56887  3.56887  1.46634  0.26236  1.09861  0.40547
     15   2.26154  2.02666  2.33253  0.40499     15 - -
          1.38629  1.38629  1.38629  1.38629
          0.05803  3.56887  3.56887  1.46634  0.26236  1.09861  0.40547
     16   2.20442  2.63101  0.31072  2.46791     16 - -
          1.38629  1.38629  1.38629  1.38629
          0.05803  3.56887  3.56887  1.46634  0.26236  1.09861  0.40547
     17   0.35020  2.49752  2.14901  2.33755     17 - -
          1.38629  1.38629  1.38629  1.38629
          0.05803  3.56887  3.56887  1.46634  0.26236  1.09861  0.40547
     18   0.35020  2.49752  2.14901  2.33755     18 - -
          1.38629  1.38629  1.38629  1.38629
          0.05803  3.56887  3.56887  1.46634  0.26236  1.09861  0.40547
     19   2.41896  0.36209  2.49413  2.02345     19 - -
          1.38629  1.38629  1.38629  1.38629
          0.05803  3.56887  3.56887  1.46634  0.26236  1.09861  0.40547
     20   2.26154  2.02666  2.33253  0.40499     20 - -
          1.38629  1.38629  1.38629  1.38629
          0.05803  3.56887  3.56887  1.46634  0.26236  1.09861  0.40547
     21   2.41896  0.36209  2.49413  2.02345     21 - -
          1.38629  1.38629  1.38629  1.38629
          0.05803  3.56887  3.56887  1.46634  0.26236  1.09861  0.40547
     22   2.20442  2.63101  0.31072  2.46791     22 - -
          1.38629  1.38629  1.38629  1.38629
          0.05803  3.56887  3.56887  1.46634  0.26236  1.09861  0.40547
     23   2.41896  0.36209  2.49413  2.02345     23 - -
          1.38629  1.38629  1.38629  1.38629
          0.05803  3.56887  3.56887  1.46634  0.26236  1.09861  0.40547
     24   0.35020  2.49752  2.14901  2.33755     24 - -
          1.38629  1.38629  1.38629  1.38629
          0.05803  3.56887  3.56887  1.46634  0.26236  1.09861  0.40547
     25   2.26154  2.02666  2.33253  0.40499     25 - -
          1.38629  1.38629  1.38629  1.38629
          0.05803  3.56887  3.56887  1.46634  0.26236  1.09861  0.40547
     26   2.26154  2.02666  2.33253  0.40499     26 - -
          1.38629  1.38629  1.38629  1.38629
          0.05803  3.56887  3.56887  1.46634  0.26236  1.09861  0.40547
     27   2.20442  2.63101  0.31072  2.46791     27 - -
          1.38629  1.38629  1.38629  1.38629
          0.05803  3.56887  3.56887  1.46634  0.26236  1.09861  0.40547
     28   2.32779  0.42841  2.40304  1.82947     28 - -
          1.38629  1.38629  1.38629  1.38629
          0.05803  3.56887  3.56887  1.46634  0.26236  1.09861  0.40547
     29   0.40611  2.41832  1.96268  2.26132     29 - -
          1.38629  1.38629  1.38629  1.38629
          0.05803  3.56887  3.56887  1.46634  0.26236  1.09861  0.40547
     30   2.41896  0.36209  2.49413  2.02345     30 - -
          1.38629  1.38629  1.38629  1.38629
          0.05803  3.56887  3.56887  1.46634  0.26236  1.09861  0.40547
     31   2.26154  2.02666  2.33253  0.40499     31 - -
          1.38629  1.38629  1.38629  1.38629
          0.05803  3.56887  3.56887  1.46634  0.26236  1.09861  0.40547
     32   2.41896  0.36209  2.49413  2.02345     32 - -
          1.38629  1.38629  1.38629  1.38629
          0.05803  3.56887  3.56887  1.46634  0.26236  1.09861  0.40547
     33   2.26154  2.02666  2.33253  0.40499     33 - -
          1.38629  1.38629  1.38629  1.38629
          0.05803  3.56887  3.56887  1.46634  0.26236  1.09861  0.40547
     34   2.26154  2.02666  2.33253  0.40499     34 - -
          1.38629  1.38629  1.38629  1.38629
          0.05803  3.56887  3.56887  1.46634  0.26236  1.09861  0.40547
     35   2.20442  2.63101  0.31072  2.46791     35 - -
          1.38629  1.38629  1.38629  1.38629
          0.05803  3.56887  3.56887  1.46634  0.26236  1.09861  0.40547
     36   2.20442  2.63101  0.31072  2.46791     36 - -
          1.38629  1.38629  1.38629  1.38629
          0.05803  3.56887  3.56887  1.46634  0.26236  1.09861  0.40547
     37   2.20442  2.63101  0.31072  2.46791     37 - -
          1.38629  1.38629  1.38629  1.38629
          0.05803  3.56887  3.56887  1.46634  0.26236  1.09861  0.40547
     38   0.35020  2.49752  2.14901  2.33755     38 - -
          1.38629  1.38629  1.38629  1.38629
          0.05803  3.56887  3.56887  1.46634  0.26236  1.09861  0.40547
     39   2.41896  0.36209  2.49413  2.02345     39 - -
          1.38629  1.38629  1.38629  1.38629
          0.05803  3.56887  3.56887  1.46634  0.26236  1.09861  0.40547
     40   0.35020  2.49752  2.14901  2.33755     40 - -
          1.38629  1.38629  1.38629  1.38629
          0.05803  3.56887  3.56887  1.46634  0.26236  1.09861  0.40547
     41   2.41896  0.36209  2.49413  2.02345     41 - -
          1.38629  1.38629  1.38629  1.38629
          0.05803  3.56887  3.56887  1.46634  0.26236  1.09861  0.40547
     42   2.20442  2.63101  0.31072  2.46791     42 - -
          1.38629  1.38629  1.38629  1.38629
          0.05803  3.56887  3.56887  1.46634  0.26236  1.09861  0.40547
     43   2.41896  0.36209  2.49413  2.02345     43 - -
          1.38629  1.38629  1.38629  1.38629
          0.05803  3.56887  3.56887  1.46634  0.26236  1.09861  0.40547
     44   2.41896  0.36209  2.49413  2.02345     44 - -
          1.38629  1.38629  1.38629  1.38629
          0.05803  3.56887  3.56887  1.46634  0.26236  1.09861  0.40547
     45   2.26154  2.02666  2.33253  0.40499     45 - -
          1.38629  1.38629  1.38629  1.38629
          0.05803  3.56887  3.56887  1.46634  0.26236  1.09861  0.40547
     46   1.99614  2.52791  0.37009  2.36824     46 - -
          1.38629  1.38629  1.38629  1.38629
          0.05803  3.56887  3.56887  1.46634  0.26236  1.09861  0.40547
     47   0.35020  2.49752  2.14901  2.33755     47 - -
          1.38629  1.38629  1.38629  1.38629
          0.05803  3.56887  3.56887  1.46634  0.26236  1.09861  0.40547
     48   2.20442  2.63101  0.31072  2.46791     48 - -
          1.38629  1.38629  1.38629  1.38629
          0.05803  3.56887  3.56887  1.46634  0.26236  1.09861  0.40547
     49   0.35020  2.49752  2.14901  2.33755     49 - -
          1.38629  1.38629  1.38629  1.38629
          0.05803  3.56887  3.56887  1.46634  0.26236  1.09861  0.40547
     50   2.20442  2.63101  0.31072  2.46791     50 - -
          1.38629  1.38629  1.38629  1.38629
          0.05803  3.56887  3.56887  1.46634  0.26236  1.09861  0.40547
     51   2.26154  2.02666  2.33253  0.40499     51 - -
          1.38629  1.38629  1.38629  1.38629
          0.05803  3.56887  3.56887  1.46634  0.26236  1.09861  0.40547
     52   0.35020  2.49752  2.14901  2.33755     52 - -
          1.38629  1.38629  1.38629  1.38629
          0.05803  3.56887  3.56887  1.46634  0.26236  1.09861  0.40547
     53   2.26154  2.02666  2.33253  0.40499     53 - -
          1.38629  1.38629  1.38629  1.38629
          0.05803  3.56887  3.56887  1.46634  0.26236  1.09861  0.40547
     54   2.20442  2.63101  0.31072  2.46791     54 - -
          1.38629  1.38629  1.38629  1.38629
          0.05803  3.56887  3.56887  1.46634  0.26236  1.09861  0.40547
     55   2.26154  2.02666  2.33253  0.40499     55 - -
          1.38629  1.38629  1.38629  1.38629
          0.05803  3.56887  3.56887  1.46634  0.26236  1.09861  0.40547
     56   2.41896  0.36209  2.49413  2.02345     56 - -
          1.38629  1.38629  1.38629  1.38629
          0.05803  3.56887  3.56887  1.46634  0.26236  1.09861  0.40547
     57   2.26154  2.02666  2.33253  0.40499     57 - -
          1.38629  1.38629  1.38629  1.38629
          0.05803  3.56887  3.56887  1.46634  0.26236  1.09861  0.40547
     58   2.20442  2.63101  0.31072  2.46791     58 - -
          1.38629  1.38629  1.38629  1.38629
          0.05803  3.56887  3.56887  1.46634  0.26236  1.09861  0.40547
     59   2.41896  0.36209  2.49413  2.02345     59 - -
          1.38629  1.38629  1.38629  1.38629
          0.05803  3.56887  3.56887  1.46634  0.26236  1.09861  0.40547
     60   2.26154  2.02666  2.33253  0.40499     60 - -
          1.38629  1.38629  1.38629  1.38629
          0.05803  3.56887  3.56887  1.46634  0.26236  1.09861  0.40547
     61   2.26154  2.02666  2.33253  0.40499     61 - -
          1.38629  1.38629  1.38629  1.38629
          0.05803  3.56887  3.56887  1.46634  0.26236  1.09861  0.40547
     62   2.41896  0.36209  2.49413  2.02345     62 - -
          1.38629  1.38629  1.38629  1.38629
          0.05803  3.56887  3.56887  1.46634  0.26236  1.09861  0.40547
     63   0.35020  2.49752  2.14901  2.33755     63 - -
          1.38629  1.38629  1.38629  1.38629
          0.05803  3.56887  3.56887  1.46634  0.26236  1.09861  0.40547
     64   2.20442  2.63101  0.31072  2.46791     64 - -
          1.38629  1.38629  1.38629  1.38629
          0.05803  3.56887  3.56887  1.46634  0.26236  1.09861  0.40547
     65   2.26154  2.02666  2.33253  0.40499     65 - -
          1.38629  1.38629  1.38629  1.38629
          0.05803  3.56887  3.56887  1.46634  0.26236  1.09861  0.40547
     66   2.20442  2.63101  0.31072  2.46791     66 - -
          1.38629  1.38629  1.38629  1.38629
          0.05803  3.56887  3.56887  1.46634  0.26236  1.09861  0.40547
     67   2.41896  0.36209  2.49413  2.02345     67 - -
          1.38629  1.38629  1.38629  1.38629
          0.05803  3.56887  3.56887  1.46634  0.26236  1.09861  0.40547
     68   2.26154  2.02666  2.33253  0.40499     68 - -
          1.38629  1.38629  1.38629  1.38629
          0.05803  3.56887  3.56887  1.46634  0.26236  1.09861  0.40547
     69   2.26154  2.02666  2.33253  0.40499     69 - -
          1.38629  1.38629  1.38629  1.38629
          0.05803  3.56887  3.56887  1.46634  0.26236  1.09861  0.40547
     70   2.26154  2.02666  2.33253  0.40499     70 - -
          1.38629  1.38629  1.38629  1.38629
          0.05803  3.56887  3.56887  1.46634  0.26236  1.09861  0.40547
     71   2.26154  2.02666  2.33253  0.40499     71 - -
          1.49093  1.49093  1.49093  1.12544
          0.19936  1.88020  3.56887  0.33577  1.25452  1.09861  0.40547
     72   2.41896  0.36209  2.49413  2.02345     73 - -
          1.38629  1.38629  1.38629  1.38629
          0.05803  3.56887  3.56887  1.46634  0.26236  1.09861  0.40547
     73   0.35020  2.49752  2.14901  2.33755     74 - -
          1.38629  1.38629  1.38629  1.38629
          0.05803  3.56887  3.56887  1.46634  0.26236  1.09861  0.40547
     74   2.26154  2.02666  2.33253  0.40499     75 - -
          1.38629  1.38629  1.38629  1.38629
          0.05803  3.56887  3.56887  1.46634  0.26236  1.09861  0.40547
     75   0.35020  2.49752  2.14901  2.33755     76 - -
          1.38629  1.38629  1.38629  1.38629
          0.05803  3.56887  3.56887  1.46634  0.26236  1.09861  0.40547
     76   2.26154  2.02666  2.33253  0.40499     77 - -
          1.38629  1.38629  1.38629  1.38629
          0.05803  3.56887  3.56887  1.46634  0.26236  1.09861  0.40547
     77   2.41896  0.36209  2.49413  2.02345     78 - -
          1.38629  1.38629  1.38629  1.38629
          0.05803  3.56887  3.56887  1.46634  0.26236  1.09861  0.40547
     78   2.26154  2.02666  2.33253  0.40499     79 - -
          1.38629  1.38629  1.38629  1.38629
          0.05803  3.56887  3.56887  1.46634  0.26236  1.09861  0.40547
     79   2.26154  2.02666  2.33253  0.40499     80 - -
          1.38629  1.38629  1.38629  1.38629
          0.05803  3.56887  3.56887  1.46634  0.26236  1.09861  0.40547
     80   2.41896  0.36209  2.49413  2.02345     81 - -
          1.38629  1.38629  1.38629  1.38629
          0.05803  3.56887  3.56887  1.46634  0.26236  1.09861  0.40547
     81   2.20442  2.63101  0.31072  2.46791     82 - -
          1.38629  1.38629  1.38629  1.38629
          0.05803  3.56887  3.56887  1.46634  0.26236  1.09861  0.40547
     82   2.41896  0.36209  2.49413  2.02345     83 - -
          1.38629  1.38629  1.38629  1.38629
          0.05803  3.56887  3.56887  1.46634  0.26236  1.09861  0.40547
     83   0.76216  1.96874  1.88419  1.41981     84 - -
          1.38629  1.38629  1.38629  1.38629
          0.05803  3.56887  3.56887  1.46634  0.26236  1.09861  0.40547
     84   2.20442  2.63101  0.31072  2.46791     85 - -
          1.38629  1.38629  1.38629  1.38629
          0.05803  3.56887  3.56887  1.46634  0.26236  1.09861  0.40547
     85   2.15739  1.73093  2.22981  0.51132     86 - -
          1.38629  1.38629  1.38629  1.38629
          0.05803  3.56887  3.56887  1.46634  0.26236  1.09861  0.40547
     86   2.20442  2.63101  0.31072  2.46791     87 - -
          1.38629  1.38629  1.38629  1.38629
          0.05803  3.56887  3.56887  1.46634  0.26236  1.09861  0.40547
     87   2.41896  0.36209  2.49413  2.02345     88 - -
          1.38629  1.38629  1.38629  1.38629
          0.05803  3.56887  3.56887  1.46634  0.26236  1.09861  0.40547
     88   2.20442  2.63101  0.31072  2.46791     89 - -
          1.38629  1.38629  1.38629  1.38629
          0.05803  3.56887  3.56887  1.46634  0.26236  1.09861  0.40547
     89   2.20442  2.63101  0.31072  2.46791     90 - -
          1.38629  1.38629  1.38629  1.38629
          0.05803  3.56887  3.56887  1.46634  0.26236  1.09861  0.40547
     90   2.20442  2.63101  0.31072  2.46791     91 - -
          1.38629  1.38629  1.38629  1.38629
          0.05803  3.56887  3.56887  1.46634  0.26236  1.09861  0.40547
     91   2.41896  0.36209  2.49413  2.02345     92 - -
          1.38629  1.38629  1.38629  1.38629
          0.05803  3.56887  3.56887  1.46634  0.26236  1.09861  0.40547
     92   2.26154  2.02666  2.33253  0.40499     93 - -
          1.38629  1.38629  1.38629  1.38629
          0.05803  3.56887  3.56887  1.46634  0.26236  1.09861  0.40547
     93   2.26154  2.02666  2.33253  0.40499     94 - -
          1.38629  1.38629  1.38629  1.38629
          0.05803  3.56887  3.56887  1.46634  0.26236  1.09861  0.40547
     94   2.41896  0.36209  2.49413  2.02345     95 - -
          1.38629  1.38629  1.38629  1.38629
          0.17457  3.56887  2.02501  1.46634  0.26236  1.09861  0.40547
     95   2.17022  0.48420  2.24281  1.81098     96 - -
          1.38629  1.38629  1.38629  1.38629
          0.06497  3.45928  3.45928  1.46634  0.26236  0.35565  1.20637
     96   2.26154  2.02666  2.33253  0.40499     97 - -
          1.38629  1.38629  1.38629  1.38629
          0.05803  3.56887  3.56887  1.46634  0.26236  1.09861  0.40547
     97   2.20442  2.63101  0.31072  2.46791     98 - -
          1.38629  1.38629  1.38629  1.38629
          0.05803  3.56887  3.56887  1.46634  0.26236  1.09861  0.40547
     98   1.84037  2.00133  0.75337  1.44686     99 - -
          1.38629  1.38629  1.38629  1.38629
          0.05803  3.56887  3.56887  1.46634  0.26236  1.09861  0.40547
     99   0.64095  2.21904  1.43865  2.06163    100 - -
          1.38629  1.38629  1.38629  1.38629
          0.05803  3.56887  3.56887  1.46634  0.26236  1.09861  0.40547
    100   1.84042  1.60006  0.73423  1.83576    101 - -
          1.38629  1.38629  1.38629  1.38629
          0.05803  3.56887  3.56887  1.46634  0.26236  1.09861  0.40547
    101   0.74473  1.56798  1.88334  1.80430    102 - -
          1.38629  1.38629  1.38629  1.38629
          0.05803  3.56887  3.56887  1.46634  0.26236  1.09861  0.40547
    102   0.35020  2.49752  2.14901  2.33755    103 - -
          1.07829  1.63018  1.31664  1.63018
          0.17457  2.02501  3.56887  1.15902  0.37658  1.09861  0.40547
    103   2.20442  2.63101  0.31072  2.46791    107 - -
          1.38629  1.38629  1.38629  1.38629
          0.05803  3.56887  3.56887  1.46634  0.26236  1.09861  0.40547
    104   2.41896  0.36209  2.49413  2.02345    108 - -
          1.38629  1.38629  1.38629  1.38629
          0.05803  3.56887  3.56887  1.46634  0.26236  1.09861  0.40547
    105   2.41896  0.36209  2.49413  2.02345    109 - -
          1.38629  1.38629  1.38629  1.38629
          0.05803  3.56887  3.56887  1.46634  0.26236  1.09861  0.40547
    106   2.26154  2.02666  2.33253  0.40499    110 - -
          1.38629  1.38629  1.38629  1.38629
          0.05803  3.56887  3.56887  1.46634  0.26236  1.09861  0.40547
    107   2.26154  2.02666  2.33253  0.40499    111 - -
          1.38629  1.38629  1.38629  1.38629
          0.05803  3.56887  3.56887  1.46634  0.26236  1.09861  0.40547
    108   2.20442  2.63101  0.31072  2.46791    112 - -
          1.38629  1.38629  1.38629  1.38629
          0.05803  3.56887  3.56887  1.46634  0.26236  1.09861  0.40547
    109   0.35020  2.49752  2.14901  2.33755    113 - -
          1.38629  1.38629  1.38629  1.38629
          0.05803  3.56887  3.56887  1.46634  0.26236  1.09861  0.40547
    110   2.20442  2.63101  0.31072  2.46791    114 - -
          1.38629  1.38629  1.38629  1.38629
          0.05803  3.56887  3.56887  1.46634  0.26236  1.09861  0.40547
    111   2.41896  0.36209  2.49413  2.02345    115 - -
          1.38629  1.38629  1.38629  1.38629
          0.05803  3.56887  3.56887  1.46634  0.26236  1.09861  0.40547
    112   1.71444  0.84211  1.58494  1.69186    116 - -
          1.38629  1.38629  1.38629  1.38629
          0.05803  3.56887  3.56887  1.46634  0.26236  1.09861  0.40547
    113   2.26154  2.02666  2.33253  0.40499    117 - -
          1.38629  1.38629  1.38629  1.38629
          0.05803  3.56887  3.56887  1.46634  0.26236  1.09861  0.40547
    114   2.41896  0.36209  2.49413  2.02345    118 - -
          1.38629  1.38629  1.38629  1.38629
          0.05803  3.56887  3.56887  1.46634  0.26236  1.09861  0.40547
    115   2.26154  2.02666  2.33253  0.40499    119 - -
          1.38629  1.38629  1.38629  1.38629
          0.05803  3.56887  3.56887  1.46634  0.26236  1.09861  0.40547
    116   2.26154  2.02666  2.33253  0.40499    120 - -
          1.38629  1.38629  1.38629  1.38629
          0.05803  3.56887  3.56887  1.46634  0.26236  1.09861  0.40547
    117   2.26154  2.02666  2.33253  0.40499    121 - -
          1.38629  1.38629  1.38629  1.38629
          0.05803  3.56887  3.56887  1.46634  0.26236  1.09861  0.40547
    118   2.20442  2.63101  0.31072  2.46791    122 - -
          1.38629  1.38629  1.38629  1.38629
          0.05803  3.56887  3.56887  1.46634  0.26236  1.09861  0.40547
    119   1.91763  0.70051  2.09247  1.45530    123 - -
          1.38629  1.38629  1.38629  1.38629
          0.05803  3.56887  3.56887  1.46634  0.26236  1.09861  0.40547
    120   2.20442  2.63101  0.31072  2.46791    124 - -
          1.38629  1.38629  1.38629  1.38629
          0.05803  3.56887  3.56887  1.46634  0.26236  1.09861  0.40547
    121   2.05924  0.79870  2.13582  1.18945    125 - -
          1.38629  1.38629  1.38629  1.38629
          0.05803  3.56887  3.56887  1.46634  0.26236  1.09861  0.40547
    122   2.20442  2.63101  0.31072  2.46791    126 - -
          1.38629  1.38629  1.38629  1.38629
          0.05803  3.56887  3.56887  1.46634  0.26236  1.09861  0.40547
    123   2.41896  0.36209  2.49413  2.02345    127 - -
          1.38629  1.38629  1.38629  1.38629
          0.05803  3.56887  3.56887  1.46634  0.26236  1.09861  0.40547
    124   2.26154  2.02666  2.33253  0.40499    128 - -
          1.38629  1.38629  1.38629  1.38629
          0.05803  3.56887  3.56887  1.46634  0.26236  1.09861  0.40547
    125   2.20442  2.63101  0.31072  2.46791    129 - -
          1.38629  1.38629  1.38629  1.38629
          0.05803  3.56887  3.56887  1.46634  0.26236  1.09861  0.40547
    126   2.41896  0.36209  2.49413  2.02345    130 - -
          1.38629  1.38629  1.38629  1.38629
          0.05803  3.56887  3.56887  1.46634  0.26236  1.09861  0.40547
    127   2.26154  2.02666  2.33253  0.40499    131 - -
          1.38629  1.38629  1.38629  1.38629
          0.05803  3.56887  3.56887  1.46634  0.26236  1.09861  0.40547
    128   2.20442  2.63101  0.31072  2.46791    132 - -
          1.38629  1.38629  1.38629  1.38629
          0.05803  3.56887  3.56887  1.46634  0.26236  1.09861  0.40547
    129   2.41896  0.36209  2.49413  2.02345    133 - -
          1.38629  1.38629  1.38629  1.38629
          0.05803  3.56887  3.56887  1.46634  0.26236  1.09861  0.40547
    130   0.72721  2.18429  1.30061  2.02629    134 - -
          1.38629  1.38629  1.38629  1.38629
          0.05803  3.56887  3.56887  1.46634  0.26236  1.09861  0.40547
    131   2.26154  2.02666  2.33253  0.40499    135 - -
          1.38629  1.38629  1.38629  1.38629
          0.05803  3.56887  3.56887  1.46634  0.26236  1.09861  0.40547
    132   2.41896  0.36209  2.49413  2.02345    136 - -
          1.38629  1.38629  1.38629  1.38629
          0.05803  3.56887  3.56887  1.46634  0.26236  1.09861  0.40547
    133   0.35020  2.49752  2.14901  2.33755    137 - -
          1.38629  1.38629  1.38629  1.38629
          0.05803  3.56887  3.56887  1.46634  0.26236  1.09861  0.40547
    134   1.80794  1.94161  0.85710  1.31622    138 - -
          1.38629  1.38629  1.38629  1.38629
          0.05803  3.56887  3.56887  1.46634  0.26236  1.09861  0.40547
    135   0.93828  1.88723  1.85157  1.20324    139 - -
          1.38629  1.38629  1.38629  1.38629
          0.05803  3.56887  3.56887  1.46634  0.26236  1.09861  0.40547
    136   0.85405  1.91974  1.86253  1.30052    140 - -
          1.38629  1.38629  1.38629  1.38629
          0.05803  3.56887  3.56887  1.46634  0.26236  1.09861  0.40547
    137   2.26154  2.02666  2.33253  0.40499    141 - -
          1.38629  1.38629  1.38629  1.38629
          0.05803  3.56887  3.56887  1.46634  0.26236  1.09861  0.40547
    138   2.26154  2.02666  2.33253  0.40499    142 - -
          1.38629  1.38629  1.38629  1.38629
          0.05803  3.56887  3.56887  1.46634  0.26236  1.09861  0.40547
    139   2.03912  1.31408  2.11423  0.73312    143 - -
          1.38629  1.38629  1.38629  1.38629
          0.05803  3.56887  3.56887  1.46634  0.26236  1.09861  0.40547
    140   2.20442  2.63101  0.31072  2.46791    144 - -
          1.38629  1.38629  1.38629  1.38629
          0.05803  3.56887  3.56887  1.46634  0.26236  1.09861  0.40547
    141   2.41896  0.36209  2.49413  2.02345    145 - -
          1.38629  1.38629  1.38629  1.38629
          0.05803  3.56887  3.56887  1.46634  0.26236  1.09861  0.40547
    142   0.35020  2.49752  2.14901  2.33755    146 - -
          1.38629  1.38629  1.38629  1.38629
          0.05803  3.56887  3.56887  1.46634  0.26236  1.09861  0.40547
    143   2.20442  2.63101  0.31072  2.46791    147 - -
          1.38629  1.38629  1.38629  1.38629
          0.05803  3.56887  3.56887  1.46634  0.26236  1.09861  0.40547
    144   2.41896  0.36209  2.49413  2.02345    148 - -
          1.38629  1.38629  1.38629  1.38629
          0.05803  3.56887  3.56887  1.46634  0.26236  1.09861  0.40547
    145   2.20442  2.63101  0.31072  2.46791    149 - -
          1.38629  1.38629  1.38629  1.38629
          0.05803  3.56887  3.56887  1.46634  0.26236  1.09861  0.40547
    146   2.20442  2.63101  0.31072  2.46791    150 - -
          1.38629  1.38629  1.38629  1.38629
          0.05803  3.56887  3.56887  1.46634  0.26236  1.09861  0.40547
    147   2.41896  0.36209  2.49413  2.02345    151 - -
          1.38629  1.38629  1.38629  1.38629
          0.05803  3.56887  3.56887  1.46634  0.26236  1.09861  0.40547
    148   2.20442  2.63101  0.31072  2.46791    152 - -
          1.38629  1.38629  1.38629  1.38629
          0.05803  3.56887  3.56887  1.46634  0.26236  1.09861  0.40547
    149   2.41896  0.36209  2.49413  2.02345    153 - -
          1.38629  1.38629  1.38629  1.38629
          0.05803  3.56887  3.56887  1.46634  0.26236  1.09861  0.40547
    150   2.20442  2.63101  0.31072  2.46791    154 - -
          1.38629  1.38629  1.38629  1.38629
          0.05803  3.56887  3.56887  1.46634  0.26236  1.09861  0.40547
    151   2.05924  0.79870  2.13582  1.18945    155 - -
          1.38629  1.38629  1.38629  1.38629
          0.05803  3.56887  3.56887  1.46634  0.26236  1.09861  0.40547
    152   2.26154  2.02666  2.33253  0.40499    156 - -
          1.38629  1.38629  1.38629  1.38629
          0.05803  3.56887  3.56887  1.46634  0.26236  1.09861  0.40547
    153   2.20442  2.63101  0.31072  2.46791    157 - -
          1.38629  1.38629  1.38629  1.38629
          0.05803  3.56887  3.56887  1.46634  0.26236  1.09861  0.40547
    154   0.35020  2.49752  2.14901  2.33755    158 - -
          1.38629  1.38629  1.38629  1.38629
          0.05803  3.56887  3.56887  1.46634  0.26236  1.09861  0.40547
    155   0.35020  2.49752  2.14901  2.33755    159 - -
          1.38629  1.38629  1.38629  1.38629
          0.05803  3.56887  3.56887  1.46634  0.26236  1.09861  0.40547
    156   1.32955  0.91336  1.89816  1.69073    160 - -
          1.38629  1.38629  1.38629  1.38629
          0.05803  3.56887  3.56887  1.46634  0.26236  1.09861  0.40547
    157   0.35020  2.49752  2.14901  2.33755    161 - -
          1.38629  1.38629  1.38629  1.38629
          0.05803  3.56887  3.56887  1.46634  0.26236  1.09861  0.40547
    158   1.32955  0.91336  1.89816  1.69073    162 - -
          1.38629  1.38629  1.38629  1.38629
          0.05803  3.56887  3.56887  1.46634  0.26236  1.09861  0.40547
    159   0.83494  1.43866  1.85965  1.75373    163 - -
          1.38629  1.38629  1.38629  1.38629
          0.05803  3.56887  3.56887  1.46634  0.26236  1.09861  0.40547
    160   0.35020  2.49752  2.14901  2.33755    164 - -
          1.38629  1.38629  1.38629  1.38629
          0.05803  3.56887  3.56887  1.46634  0.26236  1.09861  0.40547
    161   0.83494  1.43866  1.85965  1.75373    165 - -
          1.38629  1.38629  1.38629  1.38629
          0.05803  3.56887  3.56887  1.46634  0.26236  1.09861  0.40547
    162   2.41896  0.36209  2.49413  2.02345    166 - -
          1.38629  1.38629  1.38629  1.38629
          0.05803  3.56887  3.56887  1.46634  0.26236  1.09861  0.40547
    163   1.82332  0.90734  1.38249  1.69303    167 - -
          1.38629  1.38629  1.38629  1.38629
          0.05803  3.56887  3.56887  1.46634  0.26236  1.09861  0.40547
    164   1.28114  2.21326  0.72416  2.05414    168 - -
          1.38629  1.38629  1.38629  1.38629
          0.05803  3.56887  3.56887  1.46634  0.26236  1.09861  0.40547
    165   1.43391  2.26615  0.62299  2.10722    169 - -
          1.38629  1.38629  1.38629  1.38629
          0.05803  3.56887  3.56887  1.46634  0.26236  1.09861  0.40547
    166   1.28114  2.21326  0.72416  2.05414    170 - -
          1.38629  1.38629  1.38629  1.38629
          0.20452  3.56887  1.85297  1.46634  0.26236  1.09861  0.40547
    167   0.49200  2.21628  1.88998  2.05176    171 - -
          1.38629  1.38629  1.38629  1.38629
          0.06688  3.43124  3.43124  1.46634  0.26236  0.30719  1.32995
    168   2.20442  2.63101  0.31072  2.46791    172 - -
          1.38629  1.38629  1.38629  1.38629
          0.05803  3.56887  3.56887  1.46634  0.26236  1.09861  0.40547
    169   1.98417  2.52187  0.37397  2.36231    173 - -
          1.38629  1.38629  1.38629  1.38629
          0.05803  3.56887  3.56887  1.46634  0.26236  1.09861  0.40547
    170   2.26154  2.02666  2.33253  0.40499    174 - -
          1.38629  1.38629  1.38629  1.38629
          0.05803  3.56887  3.56887  1.46634  0.26236  1.09861  0.40547
    171   0.35020  2.49752  2.14901  2.33755    175 - -
          1.38629  1.38629  1.38629  1.38629
          0.05803  3.56887  3.56887  1.46634  0.26236  1.09861  0.40547
    172   0.35020  2.49752  2.14901  2.33755    176 - -
          1.38629  1.38629  1.38629  1.38629
          0.05803  3.56887  3.56887  1.46634  0.26236  1.09861  0.40547
    173   2.20442  2.63101  0.31072  2.46791    177 - -
          1.38629  1.38629  1.38629  1.38629
          0.05803  3.56887  3.56887  1.46634  0.26236  1.09861  0.40547
    174   2.41896  0.36209  2.49413  2.02345    178 - -
          1.38629  1.38629  1.38629  1.38629
          0.05803  3.56887  3.56887  1.46634  0.26236  1.09861  0.40547
    175   2.26154  2.02666  2.33253  0.40499    179 - -
          1.38629  1.38629  1.38629  1.38629
          0.05803  3.56887  3.56887  1.46634  0.26236  1.09861  0.40547
    176   2.20442  2.63101  0.31072  2.46791    180 - -
          1.38629  1.38629  1.38629  1.38629
          0.05803  3.56887  3.56887  1.46634  0.26236  1.09861  0.40547
    177   1.28114  2.21326  0.72416  2.05414    181 - -
          1.38629  1.38629  1.38629  1.38629
          0.05803  3.56887  3.56887  1.46634  0.26236  1.09861  0.40547
    178   0.35020  2.49752  2.14901  2.33755    182 - -
          1.38629  1.38629  1.38629  1.38629
          0.05803  3.56887  3.56887  1.46634  0.26236  1.09861  0.40547
    179   2.10116  0.69886  2.17762  1.31967    183 - -
          1.38629  1.38629  1.38629  1.38629
          0.05803  3.56887  3.56887  1.46634  0.26236  1.09861  0.40547
    180   2.26154  2.02666  2.33253  0.40499    184 - -
          1.38629  1.38629  1.38629  1.38629
          0.05803  3.56887  3.56887  1.46634  0.26236  1.09861  0.40547
    181   2.20442  2.63101  0.31072  2.46791    185 - -
          1.38629  1.38629  1.38629  1.38629
          0.05803  3.56887  3.56887  1.46634  0.26236  1.09861  0.40547
    182   0.35020  2.49752  2.14901  2.33755    186 - -
          1.38629  1.38629  1.38629  1.38629
          0.05803  3.56887  3.56887  1.46634  0.26236  1.09861  0.40547
    183   2.26154  2.02666  2.33253  0.40499    187 - -
          1.38629  1.38629  1.38629  1.38629
          0.05803  3.56887  3.56887  1.46634  0.26236  1.09861  0.40547
    184   2.26154  2.02666  2.33253  0.40499    188 - -
          1.38629  1.38629  1.38629  1.38629
          0.05803  3.56887  3.56887  1.46634  0.26236  1.09861  0.40547
    185   2.26154  2.02666  2.33253  0.40499    189 - -
          1.38629  1.38629  1.38629  1.38629
          0.05803  3.56887  3.56887  1.46634  0.26236  1.09861  0.40547
    186   2.20442  2.63101  0.31072  2.46791    190 - -
          1.38629  1.38629  1.38629  1.38629
          0.05803  3.56887  3.56887  1.46634  0.26236  1.09861  0.40547
    187   2.26154  2.02666  2.33253  0.40499    191 - -
          1.38629  1.38629  1.38629  1.38629
          0.05803  3.56887  3.56887  1.46634  0.26236  1.09861  0.40547
    188   2.05924  0.79870  2.13582  1.18945    192 - -
          1.38629  1.38629  1.38629  1.38629
          0.05803  3.56887  3.56887  1.46634  0.26236  1.09861  0.40547
    189   2.20442  2.63101  0.31072  2.46791    193 - -
          1.38629  1.38629  1.38629  1.38629
          0.05803  3.56887  3.56887  1.46634  0.26236  1.09861  0.40547
    190   2.41896  0.36209  2.49413  2.02345    194 - -
          1.38629  1.38629  1.38629  1.38629
          0.05803  3.56887  3.56887  1.46634  0.26236  1.09861  0.40547
    191   2.20442  2.63101  0.31072  2.46791    195 - -
          1.38629  1.38629  1.38629  1.38629
          0.05803  3.56887  3.56887  1.46634  0.26236  1.09861  0.40547
    192   2.41896  0.36209  2.49413  2.02345    196 - -
          1.38629  1.38629  1.38629  1.38629
          0.05803  3.56887  3.56887  1.46634  0.26236  1.09861  0.40547
    193   0.35020  2.49752  2.14901  2.33755    197 - -
          1.38629  1.38629  1.38629  1.38629
          0.05803  3.56887  3.56887  1.46634  0.26236  1.09861  0.40547
    194   2.26154  2.02666  2.33253  0.40499    198 - -
          1.38629  1.38629  1.38629  1.38629
          0.05803  3.56887  3.56887  1.46634  0.26236  1.09861  0.40547
    195   2.41896  0.36209  2.49413  2.02345    199 - -
          1.38629  1.38629  1.38629  1.38629
          0.05803  3.56887  3.56887  1.46634  0.26236  1.09861  0.40547
    196   0.35020  2.49752  2.14901  2.33755    200 - -
          1.38629  1.38629  1.38629  1.38629
          0.05803  3.56887  3.56887  1.46634  0.26236  1.09861  0.40547
    197   2.41896  0.36209  2.49413  2.02345    201 - -
          1.38629  1.38629  1.38629  1.38629
          0.05803  3.56887  3.56887  1.46634  0.26236  1.09861  0.40547
    198   2.26154  2.02666  2.33253  0.40499    202 - -
          1.38629  1.38629  1.38629  1.38629
          0.05803  3.56887  3.56887  1.46634  0.26236  1.09861  0.40547
    199   2.20442  2.63101  0.31072  2.46791    203 - -
          1.38629  1.38629  1.38629  1.38629
          0.05803  3.56887  3.56887  1.46634  0.26236  1.09861  0.40547
    200   2.20442  2.63101  0.31072  2.46791    204 - -
          1.38629  1.38629  1.38629  1.38629
          0.05803  3.56887  3.56887  1.46634  0.26236  1.09861  0.40547
    201   2.20442  2.63101  0.31072  2.46791    205 - -
          1.38629  1.38629  1.38629  1.38629
          0.05803  3.56887  3.56887  1.46634  0.26236  1.09861  0.40547
    202   2.41896  0.36209  2.49413  2.02345    206 - -
          1.38629  1.38629  1.38629  1.38629
          0.05803  3.56887  3.56887  1.46634  0.26236  1.09861  0.40547
    203   0.35020  2.49752  2.14901  2.33755    207 - -
          1.38629  1.38629  1.38629  1.38629
          0.05803  3.56887  3.56887  1.46634  0.26236  1.09861  0.40547
    204   2.41896  0.36209  2.49413  2.02345    208 - -
          1.38629  1.38629  1.38629  1.38629
          0.05803  3.56887  3.56887  1.46634  0.26236  1.09861  0.40547
    205   2.20442  2.63101  0.31072  2.46791    209 - -
          1.38629  1.38629  1.38629  1.38629
          0.05803  3.56887  3.56887  1.46634  0.26236  1.09861  0.40547
    206   2.26154  2.02666  2.33253  0.40499    210 - -
          1.38629  1.38629  1.38629  1.38629
          0.05803  3.56887  3.56887  1.46634  0.26236  1.09861  0.40547
    207   2.20442  2.63101  0.31072  2.46791    211 - -
          1.38629  1.38629  1.38629  1.38629
          0.05803  3.56887  3.56887  1.46634  0.26236  1.09861  0.40547
    208   2.26154  2.02666  2.33253  0.40499    212 - -
          1.38629  1.38629  1.38629  1.38629
          0.05803  3.56887  3.56887  1.46634  0.26236  1.09861  0.40547
    209   2.20442  2.63101  0.31072  2.46791    213 - -
          1.38629  1.38629  1.38629  1.38629
          0.05803  3.56887  3.56887  1.46634  0.26236  1.09861  0.40547
    210   2.26154  2.02666  2.33253  0.40499    214 - -
          1.38629  1.38629  1.38629  1.38629
          0.05803  3.56887  3.56887  1.46634  0.26236  1.09861  0.40547
    211   2.41896  0.36209  2.49413  2.02345    215 - -
          1.38629  1.38629  1.38629  1.38629
          0.05803  3.56887  3.56887  1.46634  0.26236  1.09861  0.40547
    212   2.41896  0.36209  2.49413  2.02345    216 - -
          1.38629  1.38629  1.38629  1.38629
          0.05803  3.56887  3.56887  1.46634  0.26236  1.09861  0.40547
    213   2.20442  2.63101  0.31072  2.46791    217 - -
          1.38629  1.38629  1.38629  1.38629
          0.05803  3.56887  3.56887  1.46634  0.26236  1.09861  0.40547
    214   2.26154  2.02666  2.33253  0.40499    218 - -
          1.38629  1.38629  1.38629  1.38629
          0.05803  3.56887  3.56887  1.46634  0.26236  1.09861  0.40547
    215   2.26154  2.02666  2.33253  0.40499    219 - -
          1.38629  1.38629  1.38629  1.38629
          0.05803  3.56887  3.56887  1.46634  0.26236  1.09861  0.40547
    216   2.26154  2.02666  2.33253  0.40499    220 - -
          1.38629  1.38629  1.38629  1.38629
          0.05803  3.56887  3.56887  1.46634  0.26236  1.09861  0.40547
    217   2.26154  2.02666  2.33253  0.40499    221 - -
          1.38629  1.38629  1.38629  1.38629
          0.05803  3.56887  3.56887  1.46634  0.26236  1.09861  0.40547
    218   2.20442  2.63101  0.31072  2.46791    222 - -
          1.38629  1.38629  1.38629  1.38629
          0.05803  3.56887  3.56887  1.46634  0.26236  1.09861  0.40547
    219   2.20442  2.63101  0.31072  2.46791    223 - -
          1.38629  1.38629  1.38629  1.38629
          0.05803  3.56887  3.56887  1.46634  0.26236  1.09861  0.40547
    220   2.41896  0.36209  2.49413  2.02345    224 - -
          1.38629  1.38629  1.38629  1.38629
          0.05803  3.56887  3.56887  1.46634  0.26236  1.09861  0.40547
    221   2.05924  0.79870  2.13582  1.18945    225 - -
          1.38629  1.38629  1.38629  1.38629
          0.05803  3.56887  3.56887  1.46634  0.26236  1.09861  0.40547
    222   1.32955  0.91336  1.89816  1.69073    226 - -
          1.38629  1.38629  1.38629  1.38629
          0.05803  3.56887  3.56887  1.46634  0.26236  1.09861  0.40547
    223   0.35020  2.49752  2.14901  2.33755    227 - -
          1.38629  1.38629  1.38629  1.38629
          0.05803  3.56887  3.56887  1.46634  0.26236  1.09861  0.40547
    224   0.35020  2.49752  2.14901  2.33755    228 - -
          1.11848  1.49429  1.49429  1.49429
          0.20452  1.85297  3.56887  0.32748  1.27560  1.09861  0.40547
    225   2.26154  2.02666  2.33253  0.40499    230 - -
          1.38629  1.38629  1.38629  1.38629
          0.05803  3.56887  3.56887  1.46634  0.26236  1.09861  0.40547
    226   2.32779  0.42841  2.40304  1.82947    231 - -
          1.38629  1.38629  1.38629  1.38629
          0.05803  3.56887  3.56887  1.46634  0.26236  1.09861  0.40547
    227   0.35020  2.49752  2.14901  2.33755    232 - -
          1.38629  1.38629  1.38629  1.38629
          0.05803  3.56887  3.56887  1.46634  0.26236  1.09861  0.40547
    228   2.26154  2.02666  2.33253  0.40499    233 - -
          1.38629  1.38629  1.38629  1.38629
          0.05803  3.56887  3.56887  1.46634  0.26236  1.09861  0.40547
    229   2.20442  2.63101  0.31072  2.46791    234 - -
          1.38629  1.38629  1.38629  1.38629
          0.05803  3.56887  3.56887  1.46634  0.26236  1.09861  0.40547
    230   2.41896  0.36209  2.49413  2.02345    235 - -
          1.38629  1.38629  1.38629  1.38629
          0.05803  3.56887  3.56887  1.46634  0.26236  1.09861  0.40547
    231   2.41896  0.36209  2.49413  2.02345    236 - -
          1.38629  1.38629  1.38629  1.38629
          0.05803  3.56887  3.56887  1.46634  0.26236  1.09861  0.40547
    232   0.35020  2.49752  2.14901  2.33755    237 - -
          1.38629  1.38629  1.38629  1.38629
          0.05803  3.56887  3.56887  1.46634  0.26236  1.09861  0.40547
    233   2.20442  2.63101  0.31072  2.46791    238 - -
          1.38629  1.38629  1.38629  1.38629
          0.05803  3.56887  3.56887  1.46634  0.26236  1.09861  0.40547
    234   2.41896  0.36209  2.49413  2.02345    239 - -
          1.38629  1.38629  1.38629  1.38629
          0.05803  3.56887  3.56887  1.46634  0.26236  1.09861  0.40547
    235   2.31493  0.43884  2.39023  1.80283    240 - -
          1.38629  1.38629  1.38629  1.38629
          0.05803  3.56887  3.56887  1.46634  0.26236  1.09861  0.40547
    236   2.26154  2.02666  2.33253  0.40499    241 - -
          1.38629  1.38629  1.38629  1.38629
          0.05803  3.56887  3.56887  1.46634  0.26236  1.09861  0.40547
    237   2.20442  2.63101  0.31072  2.46791    242 - -
          1.38629  1.38629  1.38629  1.38629
          0.05803  3.56887  3.56887  1.46634  0.26236  1.09861  0.40547
    238   2.41896  0.36209  2.49413  2.02345    243 - -
          1.38629  1.38629  1.38629  1.38629
          0.05803  3.56887  3.56887  1.46634  0.26236  1.09861  0.40547
    239   2.41896  0.36209  2.49413  2.02345    244 - -
          1.38629  1.38629  1.38629  1.38629
          0.05803  3.56887  3.56887  1.46634  0.26236  1.09861  0.40547
    240   0.35020  2.49752  2.14901  2.33755    245 - -
          1.38629  1.38629  1.38629  1.38629
          0.05803  3.56887  3.56887  1.46634  0.26236  1.09861  0.40547
    241   0.35020  2.49752  2.14901  2.33755    246 - -
          1.38629  1.38629  1.38629  1.38629
          0.05803  3.56887  3.56887  1.46634  0.26236  1.09861  0.40547
    242   2.20442  2.63101  0.31072  2.46791    247 - -
          1.38629  1.38629  1.38629  1.38629
          0.05803  3.56887  3.56887  1.46634  0.26236  1.09861  0.40547
    243   2.41896  0.36209  2.49413  2.02345    248 - -
          1.38629  1.38629  1.38629  1.38629
          0.05803  3.56887  3.56887  1.46634  0.26236  1.09861  0.40547
    244   0.71405  2.18859  1.32042  2.03068    249 - -
          1.38629  1.38629  1.38629  1.38629
          0.05803  3.56887  3.56887  1.46634  0.26236  1.09861  0.40547
    245   0.93725  1.88757  1.85166  1.20437    250 - -
          1.38629  1.38629  1.38629  1.38629
          0.05803  3.56887  3.56887  1.46634  0.26236  1.09861  0.40547
    246   2.26154  2.02666  2.33253  0.40499    251 - -
          1.38629  1.38629  1.38629  1.38629
          0.05803  3.56887  3.56887  1.46634  0.26236  1.09861  0.40547
    247   2.26154  2.02666  2.33253  0.40499    252 - -
          1.38629  1.38629  1.38629  1.38629
          0.05803  3.56887  3.56887  1.46634  0.26236  1.09861  0.40547
    248   2.20442  2.63101  0.31072  2.46791    253 - -
          1.38629  1.38629  1.38629  1.38629
          0.05803  3.56887  3.56887  1.46634  0.26236  1.09861  0.40547
    249   2.20442  2.63101  0.31072  2.46791    254 - -
          1.38629  1.38629  1.38629  1.38629
          0.05803  3.56887  3.56887  1.46634  0.26236  1.09861  0.40547
    250   2.26154  2.02666  2.33253  0.40499    255 - -
          1.38629  1.38629  1.38629  1.38629
          0.05803  3.56887  3.56887  1.46634  0.26236  1.09861  0.40547
    251   2.20442  2.63101  0.31072  2.46791    256 - -
          1.38629  1.38629  1.38629  1.38629
          0.05803  3.56887  3.56887  1.46634  0.26236  1.09861  0.40547
    252   2.41896  0.36209  2.49413  2.02345    257 - -
          1.38629  1.38629  1.38629  1.38629
          0.05803  3.56887  3.56887  1.46634  0.26236  1.09861  0.40547
    253   2.26154  2.02666  2.33253  0.40499    258 - -
          1.38629  1.38629  1.38629  1.38629
          0.05803  3.56887  3.56887  1.46634  0.26236  1.09861  0.40547
    254   1.79576  1.00066  1.27003  1.68448    259 - -
          1.38629  1.38629  1.38629  1.38629
          0.05803  3.56887  3.56887  1.46634  0.26236  1.09861  0.40547
    255   0.35020  2.49752  2.14901  2.33755    260 - -
          1.38629  1.38629  1.38629  1.38629
          0.05803  3.56887  3.56887  1.46634  0.26236  1.09861  0.40547
    256   0.35020  2.49752  2.14901  2.33755    261 - -
          1.38629  1.38629  1.38629  1.38629
          0.05803  3.56887  3.56887  1.46634  0.26236  1.09861  0.40547
    257   0.35020  2.49752  2.14901  2.33755    262 - -
          1.38629  1.38629  1.38629  1.38629
          0.05803  3.56887  3.56887  1.46634  0.26236  1.09861  0.40547
    258   2.02386  1.21241  2.09948  0.80328    263 - -
          1.38629  1.38629  1.38629  1.38629
          0.05803  3.56887  3.56887  1.46634  0.26236  1.09861  0.40547
    259   0.41374  2.40864  1.94016  2.25180    264 - -
          1.38629  1.38629  1.38629  1.38629
          0.05803  3.56887  3.56887  1.46634  0.26236  1.09861  0.40547
    260   2.41896  0.36209  2.49413  2.02345    265 - -
          1.38629  1.38629  1.38629  1.38629
          0.05803  3.56887  3.56887  1.46634  0.26236  1.09861  0.40547
    261   2.41896  0.36209  2.49413  2.02345    266 - -
          1.38629  1.38629  1.38629  1.38629
          0.05803  3.56887  3.56887  1.46634  0.26236  1.09861  0.40547
    262   0.35020  2.49752  2.14901  2.33755    267 - -
          1.38629  1.38629  1.38629  1.38629
          0.05803  3.56887  3.56887  1.46634  0.26236  1.09861  0.40547
    263   0.35020  2.49752  2.14901  2.33755    268 - -
          1.38629  1.38629  1.38629  1.38629
          0.05803  3.56887  3.56887  1.46634  0.26236  1.09861  0.40547
    264   2.02386  1.21241  2.09948  0.80328    269 - -
          1.38629  1.38629  1.38629  1.38629
          0.05803  3.56887  3.56887  1.46634  0.26236  1.09861  0.40547
    265   2.41896  0.36209  2.49413  2.02345    270 - -
          1.38629  1.38629  1.38629  1.38629
          0.05803  3.56887  3.56887  1.46634  0.26236  1.09861  0.40547
    266   2.26154  2.02666  2.33253  0.40499    271 - -
          1.38629  1.38629  1.38629  1.38629
          0.05803  3.56887  3.56887  1.46634  0.26236  1.09861  0.40547
    267   2.26154  2.02666  2.33253  0.40499    272 - -
          1.38629  1.38629  1.38629  1.38629
          0.05803  3.56887  3.56887  1.46634  0.26236  1.09861  0.40547
    268   0.35020  2.49752  2.14901  2.33755    273 - -
          1.38629  1.38629  1.38629  1.38629
          0.05803  3.56887  3.56887  1.46634  0.26236  1.09861  0.40547
    269   2.20442  2.63101  0.31072  2.46791    274 - -
          1.38629  1.38629  1.38629  1.38629
          0.05803  3.56887  3.56887  1.46634  0.26236  1.09861  0.40547
    270   2.41896  0.36209  2.49413  2.02345    275 - -
          1.38629  1.38629  1.38629  1.38629
          0.05803  3.56887  3.56887  1.46634  0.26236  1.09861  0.40547
    271   0.35020  2.49752  2.14901  2.33755    276 - -
          1.38629  1.38629  1.38629  1.38629
          0.05803  3.56887  3.56887  1.46634  0.26236  1.09861  0.40547
    272   2.26154  2.02666  2.33253  0.40499    277 - -
          1.38629  1.38629  1.38629  1.38629
          0.05803  3.56887  3.56887  1.46634  0.26236  1.09861  0.40547
    273   2.20442  2.63101  0.31072  2.46791    278 - -
          1.38629  1.38629  1.38629  1.38629
          0.05803  3.56887  3.56887  1.46634  0.26236  1.09861  0.40547
    274   0.35020  2.49752  2.14901  2.33755    279 - -
          1.38629  1.38629  1.38629  1.38629
          0.05803  3.56887  3.56887  1.46634  0.26236  1.09861  0.40547
    275   0.35020  2.49752  2.14901  2.33755    280 - -
          1.38629  1.38629  1.38629  1.38629
          0.05803  3.56887  3.56887  1.46634  0.26236  1.09861  0.40547
    276   2.20442  2.63101  0.31072  2.46791    281 - -
          1.38629  1.38629  1.38629  1.38629
          0.05803  3.56887  3.56887  1.46634  0.26236  1.09861  0.40547
    277   2.26154  2.02666  2.33253  0.40499    282 - -
          1.38629  1.38629  1.38629  1.38629
          0.05803  3.56887  3.56887  1.46634  0.26236  1.09861  0.40547
    278   2.41896  0.36209  2.49413  2.02345    283 - -
          1.40702  1.40702  1.32657  1.40702
          0.08337  2.96034  3.56887  0.87175  0.54166  1.09861  0.40547
    279   0.35020  2.49752  2.14901  2.33755    285 - -
          1.38629  1.38629  1.38629  1.38629
          0.05803  3.56887  3.56887  1.46634  0.26236  1.09861  0.40547
    280   2.20442  2.63101  0.31072  2.46791    286 - -
          1.38629  1.38629  1.38629  1.38629
          0.05803  3.56887  3.56887  1.46634  0.26236  1.09861  0.40547
    281   0.90356  2.15494  1.06973  1.99612    287 - -
          1.38629  1.38629  1.38629  1.38629
          0.05803  3.56887  3.56887  1.46634  0.26236  1.09861  0.40547
    282   2.41896  0.36209  2.49413  2.02345    288 - -
          1.38629  1.38629  1.38629  1.38629
          0.05803  3.56887  3.56887  1.46634  0.26236  1.09861  0.40547
    283   0.35020  2.49752  2.14901  2.33755    289 - -
          1.38629  1.38629  1.38629  1.38629
          0.05803  3.56887  3.56887  1.46634  0.26236  1.09861  0.40547
    284   0.35020  2.49752  2.14901  2.33755    290 - -
          1.38629  1.38629  1.38629  1.38629
          0.02943  3.54028        *  1.46634  0.26236  0.00000        *
//
