HMMER3/b [3.0 | March 2010]
NAME  CladeD_Alignment_23April13
LENG  271
ALPH  DNA
RF    no
CS    no
MAP   yes
DATE  Thu Apr 25 10:06:32 2013
NSEQ  44
EFFN  1.699951
CKSUM 4214696778
STATS LOCAL MSV      -10.0026  0.70215
STATS LOCAL VITERBI  -11.9099  0.70215
STATS LOCAL FORWARD   -5.0770  0.70215
HMM          A        C        G        T   
            m->m     m->i     m->d     i->m     i->i     d->m     d->d
  COMPO   1.50260  1.41237  1.41461  1.23489
          1.38629  1.38629  1.38629  1.38629
          0.05264  3.66355  3.66355  1.46634  0.26236  0.00000        *
      1   0.28095  2.69514  2.31406  2.54412      1 - -
          1.38629  1.38629  1.38629  1.38629
          0.05264  3.66355  3.66355  1.46634  0.26236  1.09861  0.40547
      2   0.28095  2.69514  2.31406  2.54412      2 - -
          1.38629  1.38629  1.38629  1.38629
          0.05264  3.66355  3.66355  1.46634  0.26236  1.09861  0.40547
      3   2.64217  0.28356  2.71552  2.21158      3 - -
          1.38629  1.38629  1.38629  1.38629
          0.05264  3.66355  3.66355  1.46634  0.26236  1.09861  0.40547
      4   2.64217  0.28356  2.71552  2.21158      4 - -
          1.38629  1.38629  1.38629  1.38629
          0.05264  3.66355  3.66355  1.46634  0.26236  1.09861  0.40547
      5   0.28095  2.69514  2.31406  2.54412      5 - -
          1.38629  1.38629  1.38629  1.38629
          0.05264  3.66355  3.66355  1.46634  0.26236  1.09861  0.40547
      6   0.28095  2.69514  2.31406  2.54412      6 - -
          1.38629  1.38629  1.38629  1.38629
          0.05264  3.66355  3.66355  1.46634  0.26236  1.09861  0.40547
      7   2.43868  2.15923  2.50724  0.33433      7 - -
          1.38629  1.38629  1.38629  1.38629
          0.05264  3.66355  3.66355  1.46634  0.26236  1.09861  0.40547
      8   2.39456  2.85348  0.24345  2.69970      8 - -
          1.38629  1.38629  1.38629  1.38629
          0.05264  3.66355  3.66355  1.46634  0.26236  1.09861  0.40547
      9   2.39456  2.85348  0.24345  2.69970      9 - -
          1.38629  1.38629  1.38629  1.38629
          0.05264  3.66355  3.66355  1.46634  0.26236  1.09861  0.40547
     10   2.64217  0.28356  2.71552  2.21158     10 - -
          1.38629  1.38629  1.38629  1.38629
          0.05998  3.66355  3.42429  1.46634  0.26236  1.09861  0.40547
     11   2.59047  0.30600  2.66402  2.12894     11 - -
          1.38629  1.38629  1.38629  1.38629
          0.05302  3.65659  3.65659  1.46634  0.26236  0.94562  0.49174
     12   2.14644  0.75021  2.22287  1.19556     12 - -
          1.38629  1.38629  1.38629  1.38629
          0.05264  3.66355  3.66355  1.46634  0.26236  1.09861  0.40547
     13   2.64217  0.28356  2.71552  2.21158     13 - -
          1.38629  1.38629  1.38629  1.38629
          0.05264  3.66355  3.66355  1.46634  0.26236  1.09861  0.40547
     14   2.56317  0.30964  2.59220  2.16831     14 - -
          1.38629  1.38629  1.38629  1.38629
          0.05264  3.66355  3.66355  1.46634  0.26236  1.09861  0.40547
     15   2.43868  2.15923  2.50724  0.33433     15 - -
          1.38629  1.38629  1.38629  1.38629
          0.05264  3.66355  3.66355  1.46634  0.26236  1.09861  0.40547
     16   2.39456  2.85348  0.24345  2.69970     16 - -
          1.38629  1.38629  1.38629  1.38629
          0.05264  3.66355  3.66355  1.46634  0.26236  1.09861  0.40547
     17   0.28095  2.69514  2.31406  2.54412     17 - -
          1.38629  1.38629  1.38629  1.38629
          0.05264  3.66355  3.66355  1.46634  0.26236  1.09861  0.40547
     18   0.28095  2.69514  2.31406  2.54412     18 - -
          1.38629  1.38629  1.38629  1.38629
          0.05264  3.66355  3.66355  1.46634  0.26236  1.09861  0.40547
     19   2.64217  0.28356  2.71552  2.21158     19 - -
          1.38629  1.38629  1.38629  1.38629
          0.05264  3.66355  3.66355  1.46634  0.26236  1.09861  0.40547
     20   2.39456  2.85348  0.24345  2.69970     20 - -
          1.38629  1.38629  1.38629  1.38629
          0.05264  3.66355  3.66355  1.46634  0.26236  1.09861  0.40547
     21   2.32353  0.49134  2.39879  1.61224     21 - -
          1.38629  1.38629  1.38629  1.38629
          0.05264  3.66355  3.66355  1.46634  0.26236  1.09861  0.40547
     22   2.39456  2.85348  0.24345  2.69970     22 - -
          1.38629  1.38629  1.38629  1.38629
          0.05264  3.66355  3.66355  1.46634  0.26236  1.09861  0.40547
     23   2.64217  0.28356  2.71552  2.21158     23 - -
          1.38629  1.38629  1.38629  1.38629
          0.05264  3.66355  3.66355  1.46634  0.26236  1.09861  0.40547
     24   0.28095  2.69514  2.31406  2.54412     24 - -
          1.38629  1.38629  1.38629  1.38629
          0.05264  3.66355  3.66355  1.46634  0.26236  1.09861  0.40547
     25   2.43868  2.15923  2.50724  0.33433     25 - -
          1.38629  1.38629  1.38629  1.38629
          0.05264  3.66355  3.66355  1.46634  0.26236  1.09861  0.40547
     26   2.41262  2.09306  2.48134  0.35172     26 - -
          1.38629  1.38629  1.38629  1.38629
          0.05264  3.66355  3.66355  1.46634  0.26236  1.09861  0.40547
     27   2.39456  2.85348  0.24345  2.69970     27 - -
          1.38629  1.38629  1.38629  1.38629
          0.05264  3.66355  3.66355  1.46634  0.26236  1.09861  0.40547
     28   2.64217  0.28356  2.71552  2.21158     28 - -
          1.38629  1.38629  1.38629  1.38629
          0.05264  3.66355  3.66355  1.46634  0.26236  1.09861  0.40547
     29   0.28095  2.69514  2.31406  2.54412     29 - -
          1.38629  1.38629  1.38629  1.38629
          0.05264  3.66355  3.66355  1.46634  0.26236  1.09861  0.40547
     30   2.64217  0.28356  2.71552  2.21158     30 - -
          1.38629  1.38629  1.38629  1.38629
          0.05264  3.66355  3.66355  1.46634  0.26236  1.09861  0.40547
     31   2.43868  2.15923  2.50724  0.33433     31 - -
          1.38629  1.38629  1.38629  1.38629
          0.05264  3.66355  3.66355  1.46634  0.26236  1.09861  0.40547
     32   2.64217  0.28356  2.71552  2.21158     32 - -
          1.38629  1.38629  1.38629  1.38629
          0.05264  3.66355  3.66355  1.46634  0.26236  1.09861  0.40547
     33   2.43868  2.15923  2.50724  0.33433     33 - -
          1.38629  1.38629  1.38629  1.38629
          0.05264  3.66355  3.66355  1.46634  0.26236  1.09861  0.40547
     34   2.43868  2.15923  2.50724  0.33433     34 - -
          1.38629  1.38629  1.38629  1.38629
          0.05264  3.66355  3.66355  1.46634  0.26236  1.09861  0.40547
     35   2.39456  2.85348  0.24345  2.69970     35 - -
          1.38629  1.38629  1.38629  1.38629
          0.05264  3.66355  3.66355  1.46634  0.26236  1.09861  0.40547
     36   2.32162  2.81508  0.25849  2.66254     36 - -
          1.38629  1.38629  1.38629  1.38629
          0.05264  3.66355  3.66355  1.46634  0.26236  1.09861  0.40547
     37   2.39456  2.85348  0.24345  2.69970     37 - -
          1.38629  1.38629  1.38629  1.38629
          0.05264  3.66355  3.66355  1.46634  0.26236  1.09861  0.40547
     38   0.29446  2.66724  2.25429  2.51729     38 - -
          1.38629  1.38629  1.38629  1.38629
          0.05264  3.66355  3.66355  1.46634  0.26236  1.09861  0.40547
     39   2.14644  0.75021  2.22287  1.19556     39 - -
          1.38629  1.38629  1.38629  1.38629
          0.05264  3.66355  3.66355  1.46634  0.26236  1.09861  0.40547
     40   2.43868  2.15923  2.50724  0.33433     40 - -
          1.38629  1.38629  1.38629  1.38629
          0.05264  3.66355  3.66355  1.46634  0.26236  1.09861  0.40547
     41   2.43868  2.15923  2.50724  0.33433     41 - -
          1.38629  1.38629  1.38629  1.38629
          0.05264  3.66355  3.66355  1.46634  0.26236  1.09861  0.40547
     42   2.64217  0.28356  2.71552  2.21158     42 - -
          1.38629  1.38629  1.38629  1.38629
          0.05264  3.66355  3.66355  1.46634  0.26236  1.09861  0.40547
     43   2.64217  0.28356  2.71552  2.21158     43 - -
          1.38629  1.38629  1.38629  1.38629
          0.05264  3.66355  3.66355  1.46634  0.26236  1.09861  0.40547
     44   2.43868  2.15923  2.50724  0.33433     44 - -
          1.38629  1.38629  1.38629  1.38629
          0.05264  3.66355  3.66355  1.46634  0.26236  1.09861  0.40547
     45   2.39456  2.85348  0.24345  2.69970     45 - -
          1.38629  1.38629  1.38629  1.38629
          0.05264  3.66355  3.66355  1.46634  0.26236  1.09861  0.40547
     46   0.28095  2.69514  2.31406  2.54412     46 - -
          1.38629  1.38629  1.38629  1.38629
          0.05264  3.66355  3.66355  1.46634  0.26236  1.09861  0.40547
     47   2.39456  2.85348  0.24345  2.69970     47 - -
          1.38629  1.38629  1.38629  1.38629
          0.05264  3.66355  3.66355  1.46634  0.26236  1.09861  0.40547
     48   0.28095  2.69514  2.31406  2.54412     48 - -
          1.38629  1.38629  1.38629  1.38629
          0.05264  3.66355  3.66355  1.46634  0.26236  1.09861  0.40547
     49   2.39456  2.85348  0.24345  2.69970     49 - -
          1.38629  1.38629  1.38629  1.38629
          0.05264  3.66355  3.66355  1.46634  0.26236  1.09861  0.40547
     50   2.43868  2.15923  2.50724  0.33433     50 - -
          1.38629  1.38629  1.38629  1.38629
          0.05264  3.66355  3.66355  1.46634  0.26236  1.09861  0.40547
     51   0.28095  2.69514  2.31406  2.54412     51 - -
          1.38629  1.38629  1.38629  1.38629
          0.05264  3.66355  3.66355  1.46634  0.26236  1.09861  0.40547
     52   2.43868  2.15923  2.50724  0.33433     52 - -
          1.38629  1.38629  1.38629  1.38629
          0.05264  3.66355  3.66355  1.46634  0.26236  1.09861  0.40547
     53   2.39456  2.85348  0.24345  2.69970     53 - -
          1.38629  1.38629  1.38629  1.38629
          0.05264  3.66355  3.66355  1.46634  0.26236  1.09861  0.40547
     54   2.43868  2.15923  2.50724  0.33433     54 - -
          1.38629  1.38629  1.38629  1.38629
          0.05264  3.66355  3.66355  1.46634  0.26236  1.09861  0.40547
     55   2.43868  2.15923  2.50724  0.33433     55 - -
          1.38629  1.38629  1.38629  1.38629
          0.05264  3.66355  3.66355  1.46634  0.26236  1.09861  0.40547
     56   2.43868  2.15923  2.50724  0.33433     56 - -
          1.38629  1.38629  1.38629  1.38629
          0.05264  3.66355  3.66355  1.46634  0.26236  1.09861  0.40547
     57   2.39456  2.85348  0.24345  2.69970     57 - -
          1.38629  1.38629  1.38629  1.38629
          0.05264  3.66355  3.66355  1.46634  0.26236  1.09861  0.40547
     58   2.64217  0.28356  2.71552  2.21158     58 - -
          1.38629  1.38629  1.38629  1.38629
          0.05264  3.66355  3.66355  1.46634  0.26236  1.09861  0.40547
     59   2.43868  2.15923  2.50724  0.33433     59 - -
          1.38629  1.38629  1.38629  1.38629
          0.05264  3.66355  3.66355  1.46634  0.26236  1.09861  0.40547
     60   2.43868  2.15923  2.50724  0.33433     60 - -
          1.38629  1.38629  1.38629  1.38629
          0.05264  3.66355  3.66355  1.46634  0.26236  1.09861  0.40547
     61   2.64217  0.28356  2.71552  2.21158     61 - -
          1.38629  1.38629  1.38629  1.38629
          0.05264  3.66355  3.66355  1.46634  0.26236  1.09861  0.40547
     62   0.28095  2.69514  2.31406  2.54412     62 - -
          1.38629  1.38629  1.38629  1.38629
          0.05264  3.66355  3.66355  1.46634  0.26236  1.09861  0.40547
     63   2.39456  2.85348  0.24345  2.69970     63 - -
          1.38629  1.38629  1.38629  1.38629
          0.05264  3.66355  3.66355  1.46634  0.26236  1.09861  0.40547
     64   2.33248  2.13413  2.44904  0.35922     64 - -
          1.38629  1.38629  1.38629  1.38629
          0.05264  3.66355  3.66355  1.46634  0.26236  1.09861  0.40547
     65   2.39456  2.85348  0.24345  2.69970     65 - -
          1.38629  1.38629  1.38629  1.38629
          0.05264  3.66355  3.66355  1.46634  0.26236  1.09861  0.40547
     66   2.64217  0.28356  2.71552  2.21158     66 - -
          1.38629  1.38629  1.38629  1.38629
          0.05264  3.66355  3.66355  1.46634  0.26236  1.09861  0.40547
     67   2.43868  2.15923  2.50724  0.33433     67 - -
          1.38629  1.38629  1.38629  1.38629
          0.05264  3.66355  3.66355  1.46634  0.26236  1.09861  0.40547
     68   2.43868  2.15923  2.50724  0.33433     68 - -
          1.38629  1.38629  1.38629  1.38629
          0.05264  3.66355  3.66355  1.46634  0.26236  1.09861  0.40547
     69   0.28095  2.69514  2.31406  2.54412     69 - -
          1.38629  1.38629  1.38629  1.38629
          0.05264  3.66355  3.66355  1.46634  0.26236  1.09861  0.40547
     70   1.88957  1.91191  1.37516  0.80237     70 - -
          1.38629  1.38629  1.38629  1.38629
          0.05264  3.66355  3.66355  1.46634  0.26236  1.09861  0.40547
     71   2.43868  2.15923  2.50724  0.33433     71 - -
          1.38629  1.38629  1.38629  1.38629
          0.05264  3.66355  3.66355  1.46634  0.26236  1.09861  0.40547
     72   2.43868  2.15923  2.50724  0.33433     72 - -
          1.38629  1.38629  1.38629  1.38629
          0.05264  3.66355  3.66355  1.46634  0.26236  1.09861  0.40547
     73   2.43868  2.15923  2.50724  0.33433     73 - -
          1.38629  1.38629  1.38629  1.38629
          0.05264  3.66355  3.66355  1.46634  0.26236  1.09861  0.40547
     74   0.67502  2.26968  1.32089  2.11521     74 - -
          1.38629  1.38629  1.38629  1.38629
          0.05264  3.66355  3.66355  1.46634  0.26236  1.09861  0.40547
     75   1.88948  0.85551  1.38034  1.75857     75 - -
          1.38629  1.38629  1.38629  1.38629
          0.05264  3.66355  3.66355  1.46634  0.26236  1.09861  0.40547
     76   2.14644  0.75021  2.22287  1.19556     76 - -
          1.38629  1.38629  1.38629  1.38629
          0.05264  3.66355  3.66355  1.46634  0.26236  1.09861  0.40547
     77   2.12841  1.32393  2.20299  0.68436     77 - -
          0.87234  1.63985  1.63985  1.63985
          0.22225  1.75077  3.66355  0.79738  0.59876  1.09861  0.40547
     78   2.64217  0.28356  2.71552  2.21158     80 - -
          1.38629  1.38629  1.38629  1.38629
          0.05264  3.66355  3.66355  1.46634  0.26236  1.09861  0.40547
     79   2.13754  0.77390  2.21399  1.16609     81 - -
          1.38629  1.38629  1.38629  1.38629
          0.05264  3.66355  3.66355  1.46634  0.26236  1.09861  0.40547
     80   2.43868  2.15923  2.50724  0.33433     82 - -
          1.38629  1.38629  1.38629  1.38629
          0.05264  3.66355  3.66355  1.46634  0.26236  1.09861  0.40547
     81   2.31738  2.08550  2.43146  0.37206     83 - -
          1.38629  1.38629  1.38629  1.38629
          0.05264  3.66355  3.66355  1.46634  0.26236  1.09861  0.40547
     82   2.39456  2.85348  0.24345  2.69970     84 - -
          1.38629  1.38629  1.38629  1.38629
          0.05264  3.66355  3.66355  1.46634  0.26236  1.09861  0.40547
     83   2.14644  0.75021  2.22287  1.19556     85 - -
          1.38629  1.38629  1.38629  1.38629
          0.05264  3.66355  3.66355  1.46634  0.26236  1.09861  0.40547
     84   0.81290  1.98389  1.93409  1.29338     86 - -
          1.38629  1.38629  1.38629  1.38629
          0.05264  3.66355  3.66355  1.46634  0.26236  1.09861  0.40547
     85   0.81290  1.98389  1.93409  1.29338     87 - -
          1.38629  1.38629  1.38629  1.38629
          0.05264  3.66355  3.66355  1.46634  0.26236  1.09861  0.40547
     86   2.39456  2.85348  0.24345  2.69970     88 - -
          1.38629  1.38629  1.38629  1.38629
          0.05264  3.66355  3.66355  1.46634  0.26236  1.09861  0.40547
     87   2.39456  2.85348  0.24345  2.69970     89 - -
          1.06544  1.52109  1.52109  1.52109
          0.22994  1.75077  3.44885  0.27298  1.43173  1.09861  0.40547
     88   2.42706  2.15077  2.49584  0.33844     91 - -
          1.38629  1.38629  1.38629  1.38629
          0.05298  3.65739  3.65739  1.46634  0.26236  1.17541  0.36917
     89   2.12037  1.31383  2.19507  0.69340     92 - -
          1.38629  1.38629  1.38629  1.38629
          0.05298  3.65739  3.65739  1.46634  0.26236  1.17541  0.36917
     90   2.62752  0.28803  2.70108  2.19938     93 - -
          1.38629  1.38629  1.38629  1.38629
          0.05298  3.65739  3.65739  1.46634  0.26236  1.17541  0.36917
     91   2.42706  2.15077  2.49584  0.33844     94 - -
          1.38629  1.38629  1.38629  1.38629
          0.05298  3.65739  3.65739  1.46634  0.26236  1.17541  0.36917
     92   2.38259  2.83910  0.24723  2.68458     95 - -
          1.38629  1.38629  1.38629  1.38629
          0.05298  3.65739  3.65739  1.46634  0.26236  1.17541  0.36917
     93   2.12037  1.31383  2.19507  0.69340     96 - -
          1.84609  1.22281  1.82017  0.95257
          0.24331  1.70657  3.36724  1.36390  0.29526  1.17541  0.36917
     94   1.87137  0.88328  1.35509  1.74446    101 - -
          1.38629  1.38629  1.38629  1.38629
          0.05346  3.64867  3.64867  1.46634  0.26236  1.27428  0.32799
     95   2.29835  2.78367  0.26704  2.62938    102 - -
          1.38629  1.38629  1.38629  1.38629
          0.05346  3.64867  3.64867  1.46634  0.26236  0.98413  0.46803
     96   1.88190  0.86690  1.36990  1.75263    103 - -
          1.38629  1.38629  1.38629  1.38629
          0.05298  3.65739  3.65739  1.46634  0.26236  1.17541  0.36917
     97   0.29867  2.65436  2.24363  2.50374    104 - -
          1.38629  1.38629  1.38629  1.38629
          0.05298  3.65739  3.65739  1.46634  0.26236  0.96072  0.48227
     98   0.28095  2.69514  2.31406  2.54412    105 - -
          1.38629  1.38629  1.38629  1.38629
          0.05264  3.66355  3.66355  1.46634  0.26236  1.09861  0.40547
     99   2.64217  0.28356  2.71552  2.21158    106 - -
          1.38629  1.38629  1.38629  1.38629
          0.05264  3.66355  3.66355  1.46634  0.26236  1.09861  0.40547
    100   2.32353  0.49134  2.39879  1.61224    107 - -
          1.38629  1.38629  1.38629  1.38629
          0.05264  3.66355  3.66355  1.46634  0.26236  1.09861  0.40547
    101   1.52681  1.86211  1.59617  0.85624    108 - -
          1.38629  1.38629  1.38629  1.38629
          0.05264  3.66355  3.66355  1.46634  0.26236  1.09861  0.40547
    102   1.32213  1.90902  1.96285  0.81025    109 - -
          1.38629  1.38629  1.38629  1.38629
          0.05264  3.66355  3.66355  1.46634  0.26236  1.09861  0.40547
    103   2.39456  2.85348  0.24345  2.69970    110 - -
          1.38629  1.38629  1.38629  1.38629
          0.05264  3.66355  3.66355  1.46634  0.26236  1.09861  0.40547
    104   2.12841  1.32393  2.20299  0.68436    111 - -
          1.38629  1.38629  1.38629  1.38629
          0.05264  3.66355  3.66355  1.46634  0.26236  1.09861  0.40547
    105   1.76595  2.51069  0.42600  2.35759    112 - -
          1.38629  1.38629  1.38629  1.38629
          0.05264  3.66355  3.66355  1.46634  0.26236  1.09861  0.40547
    106   2.64217  0.28356  2.71552  2.21158    113 - -
          1.38629  1.38629  1.38629  1.38629
          0.05264  3.66355  3.66355  1.46634  0.26236  1.09861  0.40547
    107   2.64217  0.28356  2.71552  2.21158    114 - -
          1.38629  1.38629  1.38629  1.38629
          0.05910  3.66355  3.44987  1.46634  0.26236  1.09861  0.40547
    108   2.13771  0.76111  2.21419  1.18520    115 - -
          1.38629  1.38629  1.38629  1.38629
          0.05298  3.65742  3.65742  1.46634  0.26236  0.96135  0.48188
    109   2.12841  1.32393  2.20299  0.68436    116 - -
          1.38629  1.38629  1.38629  1.38629
          0.05264  3.66355  3.66355  1.46634  0.26236  1.09861  0.40547
    110   1.87948  2.00555  0.81543  1.30825    117 - -
          1.38629  1.38629  1.38629  1.38629
          0.05264  3.66355  3.66355  1.46634  0.26236  1.09861  0.40547
    111   2.39456  2.85348  0.24345  2.69970    118 - -
          1.38629  1.38629  1.38629  1.38629
          0.05264  3.66355  3.66355  1.46634  0.26236  1.09861  0.40547
    112   2.14644  0.75021  2.22287  1.19556    119 - -
          1.38629  1.38629  1.38629  1.38629
          0.05912  3.66355  3.44936  1.46634  0.26236  1.09861  0.40547
    113   1.86981  0.88739  1.37237  1.71138    120 - -
          1.38629  1.38629  1.38629  1.38629
          0.05298  3.65741  3.65741  1.46634  0.26236  1.17522  0.36926
    114   0.28489  2.68230  2.30374  2.53059    121 - -
          1.38629  1.38629  1.38629  1.38629
          0.05298  3.65741  3.65741  1.46634  0.26236  1.17522  0.36926
    115   1.28378  2.29020  0.68634  2.13412    122 - -
          1.38629  1.38629  1.38629  1.38629
          0.05298  3.65741  3.65741  1.46634  0.26236  1.17522  0.36926
    116   2.13769  0.76114  2.21416  1.18518    123 - -
          1.38629  1.38629  1.38629  1.38629
          0.05298  3.65741  3.65741  1.46634  0.26236  1.17522  0.36926
    117   2.62756  0.28802  2.70112  2.19941    124 - -
          1.38629  1.38629  1.38629  1.38629
          0.05298  3.65741  3.65741  1.46634  0.26236  1.17522  0.36926
    118   0.29861  2.65449  2.24386  2.50387    125 - -
          1.38629  1.38629  1.38629  1.38629
          0.05298  3.65741  3.65741  1.46634  0.26236  1.17522  0.36926
    119   2.19276  1.56238  2.26564  0.55340    126 - -
          1.38629  1.38629  1.38629  1.38629
          0.05298  3.65741  3.65741  1.46634  0.26236  1.17522  0.36926
    120   1.87253  1.99715  0.82630  1.29873    127 - -
          1.38629  1.38629  1.38629  1.38629
          0.05298  3.65741  3.65741  1.46634  0.26236  1.17522  0.36926
    121   2.22173  2.39700  0.34361  2.39266    128 - -
          1.38629  1.38629  1.38629  1.38629
          0.05298  3.65741  3.65741  1.46634  0.26236  1.17522  0.36926
    122   2.38262  2.83914  0.24722  2.68462    129 - -
          1.14715  1.42541  1.60076  1.42583
          0.22378  1.74463  3.65741  2.86897  0.05843  1.17522  0.36926
    123   2.12039  1.31385  2.19510  0.69338    149 - -
          1.38629  1.38629  1.38629  1.38629
          0.05298  3.65741  3.65741  1.46634  0.26236  1.17522  0.36926
    124   2.40689  2.09890  2.47578  0.35209    150 - -
          1.38629  1.38629  1.38629  1.38629
          0.05298  3.65741  3.65741  1.46634  0.26236  1.17522  0.36926
    125   0.68554  2.26119  1.30829  2.10640    151 - -
          1.38629  1.38629  1.38629  1.38629
          0.07388  3.65741  3.09187  1.46634  0.26236  1.17522  0.36926
    126   0.85539  1.95211  1.90872  1.25653    152 - -
          1.38629  1.38629  1.38629  1.38629
          0.05407  3.63759  3.63759  1.46634  0.26236  1.38610  0.28775
    127   2.11039  0.79728  2.18698  1.15201    153 - -
          1.38629  1.38629  1.38629  1.38629
          0.05407  3.63759  3.63759  1.46634  0.26236  1.38610  0.28775
    128   2.38977  2.12342  2.45922  0.35208    154 - -
          1.38629  1.38629  1.38629  1.38629
          0.05407  3.63759  3.63759  1.46634  0.26236  1.38610  0.28775
    129   2.38977  2.12342  2.45922  0.35208    155 - -
          1.58176  1.58176  1.58176  0.95929
          0.13740  2.28216  3.63759  1.17248  0.37048  1.38610  0.28775
    130   2.34370  2.79274  0.25990  2.63597    159 - -
          1.38629  1.38629  1.38629  1.38629
          0.05407  3.63759  3.63759  1.46634  0.26236  1.38610  0.28775
    131   2.58052  0.30296  2.65467  2.16007    160 - -
          1.38629  1.38629  1.38629  1.38629
          0.05407  3.63759  3.63759  1.46634  0.26236  0.82057  0.58014
    132   2.59305  0.30503  2.66657  2.13185    161 - -
          1.38629  1.38629  1.38629  1.38629
          0.05298  3.65741  3.65741  1.46634  0.26236  1.17522  0.36926
    133   1.31490  0.87539  1.95777  1.75085    162 - -
          1.38629  1.38629  1.38629  1.38629
          0.05298  3.65741  3.65741  1.46634  0.26236  1.17522  0.36926
    134   0.28489  2.68230  2.30374  2.53059    163 - -
          1.38629  1.38629  1.38629  1.38629
          0.05298  3.65741  3.65741  1.46634  0.26236  1.17522  0.36926
    135   2.42709  2.15079  2.49587  0.33843    164 - -
          1.38629  1.38629  1.38629  1.38629
          0.05298  3.65741  3.65741  1.46634  0.26236  1.17522  0.36926
    136   2.38262  2.83914  0.24722  2.68462    165 - -
          1.38629  1.38629  1.38629  1.38629
          0.05298  3.65741  3.65741  1.46634  0.26236  1.17522  0.36926
    137   2.38262  2.83914  0.24722  2.68462    166 - -
          1.38629  1.38629  1.38629  1.38629
          0.05298  3.65741  3.65741  1.46634  0.26236  1.17522  0.36926
    138   2.13769  0.76114  2.21416  1.18518    167 - -
          1.38629  1.38629  1.38629  1.38629
          0.05298  3.65741  3.65741  1.46634  0.26236  0.96103  0.48207
    139   2.43868  2.15923  2.50724  0.33433    168 - -
          1.38629  1.38629  1.38629  1.38629
          0.05264  3.66355  3.66355  1.46634  0.26236  1.09861  0.40547
    140   2.43868  2.15923  2.50724  0.33433    169 - -
          1.38629  1.38629  1.38629  1.38629
          0.05264  3.66355  3.66355  1.46634  0.26236  1.09861  0.40547
    141   2.39456  2.85348  0.24345  2.69970    170 - -
          1.38629  1.38629  1.38629  1.38629
          0.05264  3.66355  3.66355  1.46634  0.26236  1.09861  0.40547
    142   2.64217  0.28356  2.71552  2.21158    171 - -
          1.38629  1.38629  1.38629  1.38629
          0.05264  3.66355  3.66355  1.46634  0.26236  1.09861  0.40547
    143   2.43868  2.15923  2.50724  0.33433    172 - -
          1.38629  1.38629  1.38629  1.38629
          0.05264  3.66355  3.66355  1.46634  0.26236  1.09861  0.40547
    144   1.87948  2.00555  0.81543  1.30825    173 - -
          1.38629  1.38629  1.38629  1.38629
          0.05264  3.66355  3.66355  1.46634  0.26236  1.09861  0.40547
    145   0.69738  2.26120  1.28655  2.10649    174 - -
          1.38629  1.38629  1.38629  1.38629
          0.05264  3.66355  3.66355  1.46634  0.26236  1.09861  0.40547
    146   1.87948  2.00555  0.81543  1.30825    175 - -
          1.38629  1.38629  1.38629  1.38629
          0.05264  3.66355  3.66355  1.46634  0.26236  1.09861  0.40547
    147   2.12841  1.32393  2.20299  0.68436    176 - -
          1.38629  1.38629  1.38629  1.38629
          0.05264  3.66355  3.66355  1.46634  0.26236  1.09861  0.40547
    148   0.81290  1.98389  1.93409  1.29338    177 - -
          1.38629  1.38629  1.38629  1.38629
          0.05264  3.66355  3.66355  1.46634  0.26236  1.09861  0.40547
    149   1.87674  1.45131  0.78951  1.84149    178 - -
          1.37604  1.65079  1.62283  1.02670
          0.23137  1.70976  3.66355  0.79315  0.60224  1.09861  0.40547
    150   2.12841  1.32393  2.20299  0.68436    181 - -
          1.38629  1.38629  1.38629  1.38629
          0.05264  3.66355  3.66355  1.46634  0.26236  1.09861  0.40547
    151   1.29654  2.29984  0.67517  2.14404    182 - -
          1.38629  1.38629  1.38629  1.38629
          0.05264  3.66355  3.66355  1.46634  0.26236  1.09861  0.40547
    152   0.28095  2.69514  2.31406  2.54412    183 - -
          1.38629  1.38629  1.38629  1.38629
          0.05264  3.66355  3.66355  1.46634  0.26236  1.09861  0.40547
    153   2.43868  2.15923  2.50724  0.33433    184 - -
          1.38629  1.38629  1.38629  1.38629
          0.05264  3.66355  3.66355  1.46634  0.26236  1.09861  0.40547
    154   2.64217  0.28356  2.71552  2.21158    185 - -
          1.38629  1.38629  1.38629  1.38629
          0.05264  3.66355  3.66355  1.46634  0.26236  1.09861  0.40547
    155   2.12841  1.32393  2.20299  0.68436    186 - -
          1.38629  1.38629  1.38629  1.38629
          0.05264  3.66355  3.66355  1.46634  0.26236  1.09861  0.40547
    156   2.41836  2.10737  2.48703  0.34783    187 - -
          1.38629  1.38629  1.38629  1.38629
          0.05264  3.66355  3.66355  1.46634  0.26236  1.09861  0.40547
    157   2.43868  2.15923  2.50724  0.33433    188 - -
          1.38629  1.38629  1.38629  1.38629
          0.05264  3.66355  3.66355  1.46634  0.26236  1.09861  0.40547
    158   2.43868  2.15923  2.50724  0.33433    189 - -
          1.84194  1.84194  1.07444  1.07444
          0.22225  1.75077  3.66355  1.39411  0.28509  1.09861  0.40547
    159   0.28095  2.69514  2.31406  2.54412    194 - -
          1.38629  1.38629  1.38629  1.38629
          0.05264  3.66355  3.66355  1.46634  0.26236  1.09861  0.40547
    160   2.39456  2.85348  0.24345  2.69970    195 - -
          1.38629  1.38629  1.38629  1.38629
          0.05264  3.66355  3.66355  1.46634  0.26236  1.09861  0.40547
    161   0.78937  1.43090  1.93120  1.82140    196 - -
          1.38629  1.38629  1.38629  1.38629
          0.05264  3.66355  3.66355  1.46634  0.26236  1.09861  0.40547
    162   1.76595  2.51069  0.42600  2.35759    197 - -
          1.38629  1.38629  1.38629  1.38629
          0.05264  3.66355  3.66355  1.46634  0.26236  1.09861  0.40547
    163   2.64217  0.28356  2.71552  2.21158    198 - -
          1.38629  1.38629  1.38629  1.38629
          0.05264  3.66355  3.66355  1.46634  0.26236  1.09861  0.40547
    164   0.30538  2.57505  2.27928  2.46920    199 - -
          1.38629  1.38629  1.38629  1.38629
          0.05264  3.66355  3.66355  1.46634  0.26236  1.09861  0.40547
    165   0.28095  2.69514  2.31406  2.54412    200 - -
          1.38629  1.38629  1.38629  1.38629
          0.05264  3.66355  3.66355  1.46634  0.26236  1.09861  0.40547
    166   2.39456  2.85348  0.24345  2.69970    201 - -
          1.38629  1.38629  1.38629  1.38629
          0.05264  3.66355  3.66355  1.46634  0.26236  1.09861  0.40547
    167   2.64217  0.28356  2.71552  2.21158    202 - -
          1.38629  1.38629  1.38629  1.38629
          0.05264  3.66355  3.66355  1.46634  0.26236  1.09861  0.40547
    168   1.32213  1.90902  1.96285  0.81025    203 - -
          1.36182  1.39459  1.39459  1.39459
          0.06169  3.37601  3.66355  1.14527  0.38293  1.09861  0.40547
    169   2.14644  0.75021  2.22287  1.19556    205 - -
          1.38629  1.38629  1.38629  1.38629
          0.05264  3.66355  3.66355  1.46634  0.26236  1.09861  0.40547
    170   1.32213  1.90902  1.96285  0.81025    206 - -
          1.38629  1.38629  1.38629  1.38629
          0.05264  3.66355  3.66355  1.46634  0.26236  1.09861  0.40547
    171   1.87948  2.00555  0.81543  1.30825    207 - -
          1.38629  1.38629  1.38629  1.38629
          0.05264  3.66355  3.66355  1.46634  0.26236  1.09861  0.40547
    172   2.39456  2.85348  0.24345  2.69970    208 - -
          1.38629  1.38629  1.38629  1.38629
          0.05264  3.66355  3.66355  1.46634  0.26236  1.09861  0.40547
    173   2.14644  0.75021  2.22287  1.19556    209 - -
          1.38629  1.38629  1.38629  1.38629
          0.05264  3.66355  3.66355  1.46634  0.26236  1.09861  0.40547
    174   0.67502  2.26968  1.32089  2.11521    210 - -
          1.38629  1.38629  1.38629  1.38629
          0.05264  3.66355  3.66355  1.46634  0.26236  1.09861  0.40547
    175   2.60831  0.29990  2.68163  2.14562    211 - -
          1.38629  1.38629  1.38629  1.38629
          0.05264  3.66355  3.66355  1.46634  0.26236  1.09861  0.40547
    176   2.39456  2.85348  0.24345  2.69970    212 - -
          1.38629  1.38629  1.38629  1.38629
          0.05264  3.66355  3.66355  1.46634  0.26236  1.09861  0.40547
    177   2.14644  0.75021  2.22287  1.19556    213 - -
          1.38629  1.38629  1.38629  1.38629
          0.05264  3.66355  3.66355  1.46634  0.26236  1.09861  0.40547
    178   2.43868  2.15923  2.50724  0.33433    214 - -
          1.38629  1.38629  1.38629  1.38629
          0.05264  3.66355  3.66355  1.46634  0.26236  1.09861  0.40547
    179   2.39456  2.85348  0.24345  2.69970    215 - -
          1.42102  1.35274  1.35274  1.42102
          0.07341  3.09801  3.66355  1.66107  0.21064  1.09861  0.40547
    180   2.41829  2.10720  2.48696  0.34788    222 - -
          1.38629  1.38629  1.38629  1.38629
          0.05264  3.66355  3.66355  1.46634  0.26236  1.09861  0.40547
    181   2.43868  2.15923  2.50724  0.33433    223 - -
          1.38629  1.38629  1.38629  1.38629
          0.05264  3.66355  3.66355  1.46634  0.26236  1.09861  0.40547
    182   2.39456  2.85348  0.24345  2.69970    224 - -
          1.38629  1.38629  1.38629  1.38629
          0.05264  3.66355  3.66355  1.46634  0.26236  1.09861  0.40547
    183   2.43868  2.15923  2.50724  0.33433    225 - -
          1.38629  1.38629  1.38629  1.38629
          0.05264  3.66355  3.66355  1.46634  0.26236  1.09861  0.40547
    184   2.43868  2.15923  2.50724  0.33433    226 - -
          1.38629  1.38629  1.38629  1.38629
          0.05264  3.66355  3.66355  1.46634  0.26236  1.09861  0.40547
    185   2.43868  2.15923  2.50724  0.33433    227 - -
          1.38629  1.38629  1.38629  1.38629
          0.05264  3.66355  3.66355  1.46634  0.26236  1.09861  0.40547
    186   2.39456  2.85348  0.24345  2.69970    228 - -
          1.38629  1.38629  1.38629  1.38629
          0.05264  3.66355  3.66355  1.46634  0.26236  1.09861  0.40547
    187   0.28095  2.69514  2.31406  2.54412    229 - -
          1.38629  1.38629  1.38629  1.38629
          0.05264  3.66355  3.66355  1.46634  0.26236  1.09861  0.40547
    188   1.87948  2.00555  0.81543  1.30825    230 - -
          1.38629  1.38629  1.38629  1.38629
          0.05264  3.66355  3.66355  1.46634  0.26236  1.09861  0.40547
    189   1.29654  2.29984  0.67517  2.14404    231 - -
          1.38629  1.38629  1.38629  1.38629
          0.05264  3.66355  3.66355  1.46634  0.26236  1.09861  0.40547
    190   2.64217  0.28356  2.71552  2.21158    232 - -
          1.38629  1.38629  1.38629  1.38629
          0.05264  3.66355  3.66355  1.46634  0.26236  1.09861  0.40547
    191   0.28095  2.69514  2.31406  2.54412    233 - -
          1.38629  1.38629  1.38629  1.38629
          0.22225  3.66355  1.75077  1.46634  0.26236  1.09861  0.40547
    192   1.93103  2.41671  0.41446  2.25291    234 - -
          1.38629  1.38629  1.38629  1.38629
          0.06208  3.50338  3.50338  1.46634  0.26236  0.25877  1.47840
    193   2.14644  0.75021  2.22287  1.19556    235 - -
          1.38629  1.38629  1.38629  1.38629
          0.05264  3.66355  3.66355  1.46634  0.26236  1.09861  0.40547
    194   2.14644  0.75021  2.22287  1.19556    236 - -
          1.38629  1.38629  1.38629  1.38629
          0.05264  3.66355  3.66355  1.46634  0.26236  1.09861  0.40547
    195   2.43868  2.15923  2.50724  0.33433    237 - -
          1.38629  1.38629  1.38629  1.38629
          0.05264  3.66355  3.66355  1.46634  0.26236  1.09861  0.40547
    196   0.29839  2.65940  2.23775  2.50965    238 - -
          1.38629  1.38629  1.38629  1.38629
          0.05264  3.66355  3.66355  1.46634  0.26236  1.09861  0.40547
    197   2.43868  2.15923  2.50724  0.33433    239 - -
          1.38629  1.38629  1.38629  1.38629
          0.13363  3.66355  2.30812  1.46634  0.26236  1.09861  0.40547
    198   0.33552  2.53499  2.18136  2.37642    240 - -
          1.45613  1.45613  1.45613  1.20200
          0.14557  2.22758  3.58688  0.45267  1.01041  0.41586  1.07814
    199   2.12841  1.32393  2.20299  0.68436    242 - -
          1.38629  1.38629  1.38629  1.38629
          0.05264  3.66355  3.66355  1.46634  0.26236  1.09861  0.40547
    200   2.43868  2.15923  2.50724  0.33433    243 - -
          1.38629  1.38629  1.38629  1.38629
          0.05264  3.66355  3.66355  1.46634  0.26236  1.09861  0.40547
    201   1.87674  1.45131  0.78951  1.84149    244 - -
          1.38629  1.38629  1.38629  1.38629
          0.05264  3.66355  3.66355  1.46634  0.26236  1.09861  0.40547
    202   0.81290  1.98389  1.93409  1.29338    245 - -
          1.38629  1.38629  1.38629  1.38629
          0.05264  3.66355  3.66355  1.46634  0.26236  1.09861  0.40547
    203   1.87948  2.00555  0.81543  1.30825    246 - -
          1.38629  1.38629  1.38629  1.38629
          0.05264  3.66355  3.66355  1.46634  0.26236  1.09861  0.40547
    204   1.87948  2.00555  0.81543  1.30825    247 - -
          1.38629  1.38629  1.38629  1.38629
          0.05264  3.66355  3.66355  1.46634  0.26236  1.09861  0.40547
    205   1.87637  0.87735  1.38243  1.71479    248 - -
          1.38629  1.38629  1.38629  1.38629
          0.05264  3.66355  3.66355  1.46634  0.26236  1.09861  0.40547
    206   2.43868  2.15923  2.50724  0.33433    249 - -
          1.38629  1.38629  1.38629  1.38629
          0.05264  3.66355  3.66355  1.46634  0.26236  1.09861  0.40547
    207   0.28095  2.69514  2.31406  2.54412    250 - -
          1.38629  1.38629  1.38629  1.38629
          0.05264  3.66355  3.66355  1.46634  0.26236  1.09861  0.40547
    208   1.88957  1.91191  1.37516  0.80237    251 - -
          1.38629  1.38629  1.38629  1.38629
          0.05264  3.66355  3.66355  1.46634  0.26236  1.09861  0.40547
    209   2.23057  1.64818  2.30264  0.51059    252 - -
          1.38629  1.38629  1.38629  1.38629
          0.05264  3.66355  3.66355  1.46634  0.26236  1.09861  0.40547
    210   1.30665  1.89658  1.90686  0.84247    253 - -
          1.38629  1.38629  1.38629  1.38629
          0.05264  3.66355  3.66355  1.46634  0.26236  1.09861  0.40547
    211   2.14644  0.75021  2.22287  1.19556    254 - -
          1.38629  1.38629  1.38629  1.38629
          0.05264  3.66355  3.66355  1.46634  0.26236  1.09861  0.40547
    212   0.28095  2.69514  2.31406  2.54412    255 - -
          1.38629  1.38629  1.38629  1.38629
          0.05264  3.66355  3.66355  1.46634  0.26236  1.09861  0.40547
    213   0.45217  2.42843  1.75418  2.27760    256 - -
          1.38629  1.38629  1.38629  1.38629
          0.05264  3.66355  3.66355  1.46634  0.26236  1.09861  0.40547
    214   0.28095  2.69514  2.31406  2.54412    257 - -
          1.38629  1.38629  1.38629  1.38629
          0.05264  3.66355  3.66355  1.46634  0.26236  1.09861  0.40547
    215   2.43868  2.15923  2.50724  0.33433    258 - -
          1.38629  1.38629  1.38629  1.38629
          0.05264  3.66355  3.66355  1.46634  0.26236  1.09861  0.40547
    216   2.39456  2.85348  0.24345  2.69970    259 - -
          1.38629  1.38629  1.38629  1.38629
          0.05264  3.66355  3.66355  1.46634  0.26236  1.09861  0.40547
    217   0.78937  1.43090  1.93120  1.82140    260 - -
          1.38629  1.38629  1.38629  1.38629
          0.05264  3.66355  3.66355  1.46634  0.26236  1.09861  0.40547
    218   2.14644  0.75021  2.22287  1.19556    261 - -
          1.38629  1.38629  1.38629  1.38629
          0.05264  3.66355  3.66355  1.46634  0.26236  1.09861  0.40547
    219   1.52203  2.02754  0.79854  1.60901    262 - -
          1.38629  1.38629  1.38629  1.38629
          0.05264  3.66355  3.66355  1.46634  0.26236  1.09861  0.40547
    220   2.43868  2.15923  2.50724  0.33433    263 - -
          1.38629  1.38629  1.38629  1.38629
          0.05264  3.66355  3.66355  1.46634  0.26236  1.09861  0.40547
    221   2.11148  1.24052  2.18658  0.73938    264 - -
          1.38629  1.38629  1.38629  1.38629
          0.05264  3.66355  3.66355  1.46634  0.26236  1.09861  0.40547
    222   1.87948  2.00555  0.81543  1.30825    265 - -
          1.38629  1.38629  1.38629  1.38629
          0.05264  3.66355  3.66355  1.46634  0.26236  1.09861  0.40547
    223   1.88948  0.85551  1.38034  1.75857    266 - -
          1.38629  1.38629  1.38629  1.38629
          0.05264  3.66355  3.66355  1.46634  0.26236  1.09861  0.40547
    224   2.12841  1.32393  2.20299  0.68436    267 - -
          1.38629  1.38629  1.38629  1.38629
          0.05264  3.66355  3.66355  1.46634  0.26236  1.09861  0.40547
    225   0.29446  2.66724  2.25429  2.51729    268 - -
          1.38629  1.38629  1.38629  1.38629
          0.05264  3.66355  3.66355  1.46634  0.26236  1.09861  0.40547
    226   2.64217  0.28356  2.71552  2.21158    269 - -
          1.38629  1.38629  1.38629  1.38629
          0.05264  3.66355  3.66355  1.46634  0.26236  1.09861  0.40547
    227   0.67502  2.26968  1.32089  2.11521    270 - -
          1.38629  1.38629  1.38629  1.38629
          0.05264  3.66355  3.66355  1.46634  0.26236  1.09861  0.40547
    228   0.30969  2.63742  2.19186  2.48810    271 - -
          1.38629  1.38629  1.38629  1.38629
          0.05264  3.66355  3.66355  1.46634  0.26236  1.09861  0.40547
    229   1.29654  2.29984  0.67517  2.14404    272 - -
          1.54185  1.70734  1.40683  1.02235
          0.23297  1.70275  3.66355  4.12694  0.01626  1.09861  0.40547
    230   1.91884  0.82629  1.71100  1.44872    346 - -
          1.38629  1.38629  1.38629  1.38629
          0.05264  3.66355  3.66355  1.46634  0.26236  1.09861  0.40547
    231   1.32213  1.90902  1.96285  0.81025    347 - -
          1.38629  1.38629  1.38629  1.38629
          0.05264  3.66355  3.66355  1.46634  0.26236  1.09861  0.40547
    232   2.41829  2.10720  2.48696  0.34788    348 - -
          1.38629  1.38629  1.38629  1.38629
          0.05264  3.66355  3.66355  1.46634  0.26236  1.09861  0.40547
    233   2.39456  2.85348  0.24345  2.69970    349 - -
          1.38629  1.38629  1.38629  1.38629
          0.05264  3.66355  3.66355  1.46634  0.26236  1.09861  0.40547
    234   0.86337  1.62802  1.88087  1.47191    350 - -
          1.38629  1.38629  1.38629  1.38629
          0.05264  3.66355  3.66355  1.46634  0.26236  1.09861  0.40547
    235   2.24416  1.68355  2.31593  0.49496    351 - -
          1.38629  1.38629  1.38629  1.38629
          0.05264  3.66355  3.66355  1.46634  0.26236  1.09861  0.40547
    236   1.86099  1.94754  0.85467  1.28579    352 - -
          1.38629  1.38629  1.38629  1.38629
          0.05264  3.66355  3.66355  1.46634  0.26236  1.09861  0.40547
    237   1.32213  1.90902  1.96285  0.81025    353 - -
          1.38629  1.38629  1.38629  1.38629
          0.05264  3.66355  3.66355  1.46634  0.26236  1.09861  0.40547
    238   1.87948  2.00555  0.81543  1.30825    354 - -
          1.38629  1.38629  1.38629  1.38629
          0.05264  3.66355  3.66355  1.46634  0.26236  1.09861  0.40547
    239   1.32213  1.90902  1.96285  0.81025    355 - -
          1.38629  1.38629  1.38629  1.38629
          0.13363  3.66355  2.30812  1.46634  0.26236  1.09861  0.40547
    240   2.17718  0.59625  2.25338  1.46654    356 - -
          1.38629  1.38629  1.38629  1.38629
          0.05696  3.58688  3.58688  1.46634  0.26236  1.77129  0.18647
    241   1.95805  0.68449  1.69038  1.77154    357 - -
          1.20974  1.43110  1.46387  1.46387
          0.15630  2.14548  3.58688  0.42046  1.06929  1.77129  0.18647
    242   2.29493  2.05227  2.36565  0.39023    359 - -
          1.38629  1.38629  1.38629  1.38629
          0.05696  3.58688  3.58688  1.46634  0.26236  1.77129  0.18647
    243   2.25680  1.94526  2.32783  0.42334    360 - -
          1.38629  1.38629  1.38629  1.38629
          0.05696  3.58688  3.58688  1.46634  0.26236  1.77129  0.18647
    244   2.17718  0.59625  2.25338  1.46654    361 - -
          1.38629  1.38629  1.38629  1.38629
          0.05696  3.58688  3.58688  1.46634  0.26236  1.77129  0.18647
    245   2.12187  1.56808  2.19535  0.57906    362 - -
          1.38629  1.38629  1.38629  1.38629
          0.05696  3.58688  3.58688  1.46634  0.26236  1.77129  0.18647
    246   1.91032  2.10608  0.63127  1.61777    363 - -
          1.38629  1.38629  1.38629  1.38629
          0.05696  3.58688  3.58688  1.46634  0.26236  0.41586  1.07814
    247   2.60680  0.30065  2.68012  2.14272    364 - -
          1.38629  1.38629  1.38629  1.38629
          0.05264  3.66355  3.66355  1.46634  0.26236  1.09861  0.40547
    248   1.87948  2.00555  0.81543  1.30825    365 - -
          1.38629  1.38629  1.38629  1.38629
          0.05264  3.66355  3.66355  1.46634  0.26236  1.09861  0.40547
    249   2.64217  0.28356  2.71552  2.21158    366 - -
          1.38629  1.38629  1.38629  1.38629
          0.05264  3.66355  3.66355  1.46634  0.26236  1.09861  0.40547
    250   2.32353  0.49134  2.39879  1.61224    367 - -
          1.38629  1.38629  1.38629  1.38629
          0.05264  3.66355  3.66355  1.46634  0.26236  1.09861  0.40547
    251   1.87674  1.45131  0.78951  1.84149    368 - -
          1.38629  1.38629  1.38629  1.38629
          0.05264  3.66355  3.66355  1.46634  0.26236  1.09861  0.40547
    252   2.36423  2.12794  2.37403  0.36558    369 - -
          1.38629  1.38629  1.38629  1.38629
          0.06169  3.66355  3.37601  1.46634  0.26236  1.09861  0.40547
    253   2.42249  2.14744  2.49136  0.34007    370 - -
          1.38629  1.38629  1.38629  1.38629
          0.05311  3.65497  3.65497  1.46634  0.26236  0.91638  0.51077
    254   2.39456  2.85348  0.24345  2.69970    371 - -
          1.38629  1.38629  1.38629  1.38629
          0.05264  3.66355  3.66355  1.46634  0.26236  1.09861  0.40547
    255   2.59875  0.30466  2.67209  2.12738    372 - -
          1.38629  1.38629  1.38629  1.38629
          0.05264  3.66355  3.66355  1.46634  0.26236  1.09861  0.40547
    256   1.29654  2.29984  0.67517  2.14404    373 - -
          1.38629  1.38629  1.38629  1.38629
          0.05264  3.66355  3.66355  1.46634  0.26236  1.09861  0.40547
    257   2.64217  0.28356  2.71552  2.21158    374 - -
          1.38629  1.38629  1.38629  1.38629
          0.05264  3.66355  3.66355  1.46634  0.26236  1.09861  0.40547
    258   0.28095  2.69514  2.31406  2.54412    375 - -
          1.38629  1.38629  1.38629  1.38629
          0.05264  3.66355  3.66355  1.46634  0.26236  1.09861  0.40547
    259   1.29602  1.90689  1.95562  0.82928    376 - -
          1.38629  1.38629  1.38629  1.38629
          0.05264  3.66355  3.66355  1.46634  0.26236  1.09861  0.40547
    260   2.64217  0.28356  2.71552  2.21158    377 - -
          1.38629  1.38629  1.38629  1.38629
          0.05264  3.66355  3.66355  1.46634  0.26236  1.09861  0.40547
    261   2.64217  0.28356  2.71552  2.21158    378 - -
          1.38629  1.38629  1.38629  1.38629
          0.05264  3.66355  3.66355  1.46634  0.26236  1.09861  0.40547
    262   2.64217  0.28356  2.71552  2.21158    379 - -
          1.38629  1.38629  1.38629  1.38629
          0.05264  3.66355  3.66355  1.46634  0.26236  1.09861  0.40547
    263   0.28095  2.69514  2.31406  2.54412    380 - -
          1.38629  1.38629  1.38629  1.38629
          0.05264  3.66355  3.66355  1.46634  0.26236  1.09861  0.40547
    264   2.43868  2.15923  2.50724  0.33433    381 - -
          1.38629  1.38629  1.38629  1.38629
          0.05264  3.66355  3.66355  1.46634  0.26236  1.09861  0.40547
    265   0.28095  2.69514  2.31406  2.54412    382 - -
          1.38629  1.38629  1.38629  1.38629
          0.05264  3.66355  3.66355  1.46634  0.26236  1.09861  0.40547
    266   2.39456  2.85348  0.24345  2.69970    383 - -
          1.38629  1.38629  1.38629  1.38629
          0.05264  3.66355  3.66355  1.46634  0.26236  1.09861  0.40547
    267   2.51465  0.31087  2.63490  2.16651    384 - -
          1.38629  1.38629  1.38629  1.38629
          0.05264  3.66355  3.66355  1.46634  0.26236  1.09861  0.40547
    268   0.28095  2.69514  2.31406  2.54412    385 - -
          1.38629  1.38629  1.38629  1.38629
          0.06298  3.66355  3.34123  1.46634  0.26236  1.09861  0.40547
    269   2.42019  2.14576  2.48910  0.34090    386 - -
          1.38629  1.38629  1.38629  1.38629
          0.05318  3.65375  3.65375  1.46634  0.26236  0.89565  0.52482
    270   2.39456  2.85348  0.24345  2.69970    387 - -
          1.38629  1.38629  1.38629  1.38629
          0.05264  3.66355  3.66355  1.46634  0.26236  1.09861  0.40547
    271   0.28095  2.69514  2.31406  2.54412    388 - -
          1.38629  1.38629  1.38629  1.38629
          0.02667  3.63757        *  1.46634  0.26236  0.00000        *
//
