HMMER3/b [3.0 | March 2010]
NAME  CladeC_Alignment_23April13
LENG  283
ALPH  DNA
RF    no
CS    no
MAP   yes
DATE  Thu Apr 25 10:06:28 2013
NSEQ  465
EFFN  1.309090
CKSUM 505191382
STATS LOCAL MSV      -11.0450  0.70176
STATS LOCAL VITERBI  -11.9697  0.70176
STATS LOCAL FORWARD   -4.7001  0.70176
HMM          A        C        G        T   
            m->m     m->i     m->d     i->m     i->i     d->m     d->d
  COMPO   1.51705  1.40958  1.38600  1.25062
          1.38629  1.38629  1.38629  1.38629
          0.06039  3.55794  3.50315  1.46634  0.26236  0.00000        *
      1   0.36755  2.45764  2.11474  2.28995      1 - -
          1.38629  1.38629  1.38629  1.38629
          0.05878  3.55634  3.55634  1.46634  0.26236  1.11721  0.39629
      2   0.36654  2.46323  2.10584  2.30290      2 - -
          1.38629  1.38629  1.38629  1.38629
          0.05878  3.55634  3.55634  1.46634  0.26236  1.11721  0.39629
      3   2.20017  0.50045  2.22431  1.74403      3 - -
          1.38629  1.38629  1.38629  1.38629
          0.05878  3.55634  3.55634  1.46634  0.26236  1.11721  0.39629
      4   2.38592  0.37701  2.46106  1.98967      4 - -
          1.38629  1.38629  1.38629  1.38629
          0.05878  3.55634  3.55634  1.46634  0.26236  1.11721  0.39629
      5   0.36088  2.47150  2.12624  2.31065      5 - -
          1.38629  1.38629  1.38629  1.38629
          0.05878  3.55634  3.55634  1.46634  0.26236  1.11721  0.39629
      6   0.37162  2.45592  2.08797  2.29600      6 - -
          1.38300  1.38739  1.38739  1.38739
          0.06011  3.51326  3.55634  1.41234  0.27915  1.11721  0.39629
      7   2.23659  2.00309  2.30772  0.41738      8 - -
          1.38629  1.38629  1.38629  1.38629
          0.05878  3.55634  3.55634  1.46634  0.26236  1.11721  0.39629
      8   2.07973  2.32517  0.39795  2.24837      9 - -
          1.38629  1.38629  1.38629  1.38629
          0.05878  3.55634  3.55634  1.46634  0.26236  1.11721  0.39629
      9   2.17079  2.57896  0.32660  2.42259     10 - -
          1.38629  1.38629  1.38629  1.38629
          0.05878  3.55634  3.55634  1.46634  0.26236  1.11721  0.39629
     10   2.37930  0.38174  2.45443  1.97474     11 - -
          1.38629  1.38629  1.38629  1.38629
          0.07367  3.55634  3.15873  1.46634  0.26236  1.11721  0.39629
     11   2.33896  0.40039  2.41039  1.93982     12 - -
          1.38629  1.38629  1.38629  1.38629
          0.05964  3.54230  3.54230  1.46634  0.26236  1.26542  0.33145
     12   2.18567  1.91871  2.25306  0.45299     13 - -
          1.38629  1.38629  1.38629  1.38629
          0.05964  3.54230  3.54230  1.46634  0.26236  1.26542  0.33145
     13   2.35747  0.38830  2.43254  1.97100     14 - -
          1.38629  1.38629  1.38629  1.38629
          0.05964  3.54230  3.54230  1.46634  0.26236  1.26542  0.33145
     14   2.33719  0.39751  2.40085  1.96064     15 - -
          1.38742  1.38292  1.38742  1.38742
          0.06102  3.49820  3.54230  1.41108  0.27956  1.26542  0.33145
     15   2.19678  1.93856  2.26811  0.44407     17 - -
          1.38629  1.38629  1.38629  1.38629
          0.05964  3.54230  3.54230  1.46634  0.26236  0.86781  0.54450
     16   2.15659  2.57050  0.33069  2.41517     18 - -
          1.38629  1.38629  1.38629  1.38629
          0.05878  3.55634  3.55634  1.46634  0.26236  1.11721  0.39629
     17   0.36088  2.47150  2.12624  2.31065     19 - -
          1.38629  1.38629  1.38629  1.38629
          0.05878  3.55634  3.55634  1.46634  0.26236  1.11721  0.39629
     18   0.36088  2.47150  2.12624  2.31065     20 - -
          1.38221  1.38766  1.38766  1.38766
          0.06088  3.50314  3.54188  1.39999  0.28316  1.11721  0.39629
     19   2.25988  0.44687  2.28309  1.87052     22 - -
          1.38629  1.38629  1.38629  1.38629
          0.05881  3.55592  3.55592  1.46634  0.26236  1.10751  0.40105
     20   2.14391  2.58514  0.33034  2.42203     23 - -
          1.38629  1.38629  1.38629  1.38629
          0.05878  3.55634  3.55634  1.46634  0.26236  1.11721  0.39629
     21   2.16588  1.95992  2.18636  0.45862     24 - -
          1.38629  1.38629  1.38629  1.38629
          0.05878  3.55634  3.55634  1.46634  0.26236  1.11721  0.39629
     22   2.14887  2.56219  0.33726  2.38026     25 - -
          1.38629  1.38629  1.38629  1.38629
          0.05878  3.55634  3.55634  1.46634  0.26236  1.11721  0.39629
     23   2.27423  0.45892  2.33969  1.77902     26 - -
          1.38629  1.38629  1.38629  1.38629
          0.05878  3.55634  3.55634  1.46634  0.26236  1.11721  0.39629
     24   2.15435  2.57065  0.33106  2.41490     27 - -
          1.38629  1.38629  1.38629  1.38629
          0.05878  3.55634  3.55634  1.46634  0.26236  1.06242  0.42407
     25   2.20839  1.98682  2.28575  0.42880     28 - -
          1.38629  1.38629  1.38629  1.38629
          0.05868  3.55794  3.55794  1.46634  0.26236  1.09861  0.40547
     26   2.20347  1.99384  2.27440  0.42994     29 - -
          1.38629  1.38629  1.38629  1.38629
          0.05868  3.55794  3.55794  1.46634  0.26236  1.09861  0.40547
     27   2.17238  2.57761  0.32644  2.42308     30 - -
          1.38629  1.38629  1.38629  1.38629
          0.05868  3.55794  3.55794  1.46634  0.26236  1.09861  0.40547
     28   2.39008  0.37510  2.46523  1.99387     31 - -
          1.38629  1.38629  1.38629  1.38629
          0.05868  3.55794  3.55794  1.46634  0.26236  1.09861  0.40547
     29   0.36130  2.47216  2.12257  2.31159     32 - -
          1.38629  1.38629  1.38629  1.38629
          0.05868  3.55794  3.55794  1.46634  0.26236  1.09861  0.40547
     30   2.34483  0.39095  2.41872  1.97552     33 - -
          1.38629  1.38629  1.38629  1.38629
          0.05868  3.55794  3.55794  1.46634  0.26236  1.09861  0.40547
     31   2.13617  1.70487  2.20879  0.52718     34 - -
          1.38629  1.38629  1.38629  1.38629
          0.05868  3.55794  3.55794  1.46634  0.26236  1.09861  0.40547
     32   2.38352  0.37975  2.45865  1.97910     35 - -
          1.38629  1.38629  1.38629  1.38629
          0.05868  3.55794  3.55794  1.46634  0.26236  1.09861  0.40547
     33   2.22684  2.00782  2.30440  0.41850     36 - -
          1.38629  1.38629  1.38629  1.38629
          0.05907  3.55794  3.54513  1.46634  0.26236  1.09861  0.40547
     34   2.23284  1.98632  2.30400  0.42202     37 - -
          1.38629  1.38629  1.38629  1.38629
          0.05871  3.55757  3.55757  1.46634  0.26236  1.09009  0.40975
     35   2.16410  2.59692  0.32446  2.43351     38 - -
          1.40096  1.38629  1.38629  1.37184
          0.06316  3.42012  3.55794  1.45102  0.26701  1.09861  0.40547
     36   2.18176  2.60526  0.31988  2.44140     43 - -
          1.38629  1.38629  1.38629  1.38629
          0.05868  3.55794  3.55794  1.46634  0.26236  1.09861  0.40547
     37   2.16134  2.56952  0.33214  2.39833     44 - -
          1.38629  1.38629  1.38629  1.38629
          0.05868  3.55794  3.55794  1.46634  0.26236  1.09861  0.40547
     38   0.41328  2.33120  2.07200  2.15925     45 - -
          1.38629  1.38629  1.38629  1.38629
          0.05868  3.55794  3.55794  1.46634  0.26236  1.09861  0.40547
     39   2.23675  1.99676  2.30789  0.41863     46 - -
          1.38629  1.38629  1.38629  1.38629
          0.05868  3.55794  3.55794  1.46634  0.26236  1.09861  0.40547
     40   2.23492  2.00854  2.30104  0.41755     47 - -
          1.38629  1.38629  1.38629  1.38629
          0.06007  3.55794  3.51318  1.46634  0.26236  1.09861  0.40547
     41   2.23714  2.00352  2.30827  0.41712     48 - -
          1.38629  1.38629  1.38629  1.38629
          0.05876  3.55664  3.55664  1.46634  0.26236  1.06899  0.42061
     42   2.38812  0.37649  2.46326  1.98943     49 - -
          1.38629  1.38629  1.38629  1.38629
          0.05907  3.55794  3.54513  1.46634  0.26236  1.09861  0.40547
     43   2.38964  0.37517  2.46479  1.99407     50 - -
          1.38629  1.38629  1.38629  1.38629
          0.05871  3.55757  3.55757  1.46634  0.26236  1.10290  0.40333
     44   2.23743  2.00040  2.30856  0.41767     51 - -
          1.38629  1.38629  1.38629  1.38629
          0.05871  3.55757  3.55757  1.46634  0.26236  1.10290  0.40333
     45   2.17457  2.58542  0.32468  2.42794     52 - -
          1.38629  1.38629  1.38629  1.38629
          0.05871  3.55757  3.55757  1.46634  0.26236  1.10290  0.40333
     46   0.36604  2.46099  2.11798  2.29365     53 - -
          1.38629  1.38629  1.38629  1.38629
          0.05871  3.55757  3.55757  1.46634  0.26236  1.10290  0.40333
     47   2.14291  2.58094  0.33194  2.41404     54 - -
          1.38174  1.39087  1.38174  1.39087
          0.06148  3.46980  3.55757  1.39225  0.28571  1.10290  0.40333
     48   0.37140  2.45130  2.10486  2.28096     57 - -
          1.38629  1.38629  1.38629  1.38629
          0.05871  3.55757  3.55757  1.46634  0.26236  1.10290  0.40333
     49   2.17316  2.60071  0.32222  2.43702     58 - -
          1.38629  1.38629  1.38629  1.38629
          0.05871  3.55757  3.55757  1.46634  0.26236  1.10290  0.40333
     50   2.19424  1.95695  2.27405  0.43948     59 - -
          1.38629  1.38629  1.38629  1.38629
          0.05871  3.55757  3.55757  1.46634  0.26236  1.10290  0.40333
     51   0.36451  2.46094  2.11812  2.30407     60 - -
          1.38629  1.38629  1.38629  1.38629
          0.05871  3.55757  3.55757  1.46634  0.26236  1.10290  0.40333
     52   2.23806  2.00236  2.30919  0.41707     61 - -
          1.38629  1.38629  1.38629  1.38629
          0.05871  3.55757  3.55757  1.46634  0.26236  1.10290  0.40333
     53   2.18100  2.60440  0.32019  2.44051     62 - -
          1.38629  1.38629  1.38629  1.38629
          0.05871  3.55757  3.55757  1.46634  0.26236  1.10290  0.40333
     54   2.23887  2.00488  2.30999  0.41630     63 - -
          1.38629  1.38629  1.38629  1.38629
          0.05871  3.55757  3.55757  1.46634  0.26236  1.10290  0.40333
     55   2.38835  0.37608  2.46350  1.99115     64 - -
          1.38629  1.38629  1.38629  1.38629
          0.05871  3.55757  3.55757  1.46634  0.26236  1.09009  0.40975
     56   2.23841  2.00188  2.30953  0.41706     65 - -
          1.39023  1.38238  1.39023  1.38238
          0.06107  3.48205  3.55794  1.40175  0.28258  1.09861  0.40547
     57   2.17145  2.59406  0.32454  2.42575     68 - -
          1.38629  1.38629  1.38629  1.38629
          0.05868  3.55794  3.55794  1.46634  0.26236  1.09861  0.40547
     58   2.39359  0.37263  2.46875  2.00183     69 - -
          1.38629  1.38629  1.38629  1.38629
          0.05868  3.55794  3.55794  1.46634  0.26236  1.09861  0.40547
     59   2.23002  2.00270  2.29347  0.42070     70 - -
          1.38629  1.38629  1.38629  1.38629
          0.05868  3.55794  3.55794  1.46634  0.26236  1.09861  0.40547
     60   2.23812  2.00100  2.30925  0.41733     71 - -
          1.38629  1.38629  1.38629  1.38629
          0.05868  3.55794  3.55794  1.46634  0.26236  1.09861  0.40547
     61   2.38993  0.37521  2.46508  1.99353     72 - -
          1.38629  1.38629  1.38629  1.38629
          0.05868  3.55794  3.55794  1.46634  0.26236  1.09861  0.40547
     62   0.35949  2.47483  2.12917  2.31409     73 - -
          1.38300  1.38740  1.38740  1.38740
          0.06002  3.51483  3.55794  1.41229  0.27917  1.09861  0.40547
     63   2.17061  2.60000  0.32276  2.43643     75 - -
          1.38629  1.38629  1.38629  1.38629
          0.05868  3.55794  3.55794  1.46634  0.26236  1.09861  0.40547
     64   2.19078  1.86196  2.26243  0.46409     76 - -
          1.38629  1.38629  1.38629  1.38629
          0.05868  3.55794  3.55794  1.46634  0.26236  1.09861  0.40547
     65   2.15147  2.55710  0.33394  2.40723     77 - -
          1.38629  1.38629  1.38629  1.38629
          0.05868  3.55794  3.55794  1.46634  0.26236  1.09861  0.40547
     66   2.39037  0.37489  2.46553  1.99453     78 - -
          1.38629  1.38629  1.38629  1.38629
          0.05868  3.55794  3.55794  1.46634  0.26236  1.09861  0.40547
     67   2.24135  2.01103  2.31246  0.41428     79 - -
          1.38629  1.38629  1.38629  1.38629
          0.05868  3.55794  3.55794  1.46634  0.26236  1.09861  0.40547
     68   2.24135  2.01103  2.31246  0.41428     80 - -
          1.38629  1.38629  1.38629  1.38629
          0.05868  3.55794  3.55794  1.46634  0.26236  1.09861  0.40547
     69   0.36513  2.46317  2.11902  2.29683     81 - -
          1.38629  1.38629  1.38629  1.38629
          0.05868  3.55794  3.55794  1.46634  0.26236  1.09861  0.40547
     70   0.38815  2.36980  2.09922  2.24774     82 - -
          1.38629  1.38629  1.38629  1.38629
          0.05868  3.55794  3.55794  1.46634  0.26236  1.09861  0.40547
     71   2.39359  0.37263  2.46875  2.00183     83 - -
          1.38629  1.38629  1.38629  1.38629
          0.05868  3.55794  3.55794  1.46634  0.26236  1.09861  0.40547
     72   2.23251  2.00293  2.29811  0.41954     84 - -
          1.38629  1.38629  1.38629  1.38629
          0.05868  3.55794  3.55794  1.46634  0.26236  1.09861  0.40547
     73   2.22598  1.99987  2.30273  0.42053     85 - -
          1.39055  1.39055  1.39055  1.37363
          0.06236  3.47606  3.52234  1.39694  0.28416  1.09861  0.40547
     74   2.17962  2.60283  0.32076  2.43890     88 - -
          1.38629  1.38629  1.38629  1.38629
          0.05875  3.55691  3.55691  1.46634  0.26236  1.11062  0.39952
     75   2.36764  0.39055  2.44276  1.94706     89 - -
          1.38629  1.38629  1.38629  1.38629
          0.05875  3.55691  3.55691  1.46634  0.26236  1.11062  0.39952
     76   2.38317  0.37934  2.45830  1.98160     90 - -
          1.38629  1.38629  1.38629  1.38629
          0.05875  3.55691  3.55691  1.46634  0.26236  1.07502  0.41747
     77   2.39030  0.37494  2.46545  1.99437     91 - -
          1.38629  1.38629  1.38629  1.38629
          0.06077  3.55794  3.49126  1.46634  0.26236  1.09861  0.40547
     78   2.38903  0.37456  2.46419  1.99794     92 - -
          1.38629  1.38629  1.38629  1.38629
          0.05880  3.55597  3.55597  1.46634  0.26236  1.05465  0.42819
     79   0.35949  2.47483  2.12917  2.31409     93 - -
          1.38629  1.38629  1.38629  1.38629
          0.06007  3.55794  3.51318  1.46634  0.26236  1.09861  0.40547
     80   0.36876  2.44122  2.11809  2.29175     94 - -
          1.38629  1.38629  1.38629  1.38629
          0.05876  3.55664  3.55664  1.46634  0.26236  1.11376  0.39798
     81   2.39056  0.37391  2.46572  1.99925     95 - -
          1.38629  1.38629  1.38629  1.38629
          0.05876  3.55664  3.55664  1.46634  0.26236  1.06899  0.42061
     82   2.23688  1.99716  2.30802  0.41850     96 - -
          1.38629  1.38629  1.38629  1.38629
          0.05868  3.55794  3.55794  1.46634  0.26236  1.09861  0.40547
     83   2.24135  2.01103  2.31246  0.41428     97 - -
          1.38629  1.38629  1.38629  1.38629
          0.05868  3.55794  3.55794  1.46634  0.26236  1.09861  0.40547
     84   2.24135  2.01103  2.31246  0.41428     98 - -
          1.38629  1.38629  1.38629  1.38629
          0.05868  3.55794  3.55794  1.46634  0.26236  1.09861  0.40547
     85   2.16882  2.59916  0.32323  2.43563     99 - -
          1.38629  1.38629  1.38629  1.38629
          0.05868  3.55794  3.55794  1.46634  0.26236  1.09861  0.40547
     86   2.39359  0.37263  2.46875  2.00183    100 - -
          1.38629  1.38629  1.38629  1.38629
          0.05868  3.55794  3.55794  1.46634  0.26236  1.09861  0.40547
     87   0.36139  2.47202  2.12223  2.31146    101 - -
          1.38629  1.38629  1.38629  1.38629
          0.05868  3.55794  3.55794  1.46634  0.26236  1.09861  0.40547
     88   0.36396  2.46825  2.11297  2.30793    102 - -
          1.35608  1.39657  1.39657  1.39657
          0.06508  3.36649  3.55794  1.56171  0.23544  1.09861  0.40547
     89   2.10921  2.48291  0.37049  2.25595    109 - -
          1.38629  1.38629  1.38629  1.38629
          0.05868  3.55794  3.55794  1.46634  0.26236  1.09861  0.40547
     90   2.39359  0.37263  2.46875  2.00183    110 - -
          1.38629  1.38629  1.38629  1.38629
          0.05868  3.55794  3.55794  1.46634  0.26236  1.09861  0.40547
     91   0.36130  2.47216  2.12257  2.31159    111 - -
          1.38629  1.38629  1.38629  1.38629
          0.09141  3.55794  2.83256  1.46634  0.26236  1.09861  0.40547
     92   1.98768  2.24375  0.46616  2.04391    112 - -
          1.38629  1.38629  1.38629  1.38629
          0.09218  3.52711  2.83586  1.46634  0.26236  1.40254  0.28232
     93   2.04119  2.45747  0.38080  2.29104    113 - -
          1.38629  1.38629  1.38629  1.38629
          0.06408  3.49739  3.44835  1.46634  0.26236  1.46191  0.26369
     94   0.41503  2.35522  2.01683  2.19167    114 - -
          1.38629  1.38629  1.38629  1.38629
          0.06264  3.50111  3.48819  1.46634  0.26236  1.58103  0.23037
     95   2.12515  1.88414  2.19632  0.48222    115 - -
          1.38629  1.38629  1.38629  1.38629
          0.06222  3.50120  3.50120  1.46634  0.26236  1.58353  0.22973
     96   2.01507  2.44271  0.38926  2.28079    116 - -
          1.38629  1.38629  1.38629  1.38629
          0.06219  3.50160  3.50160  1.46634  0.26236  1.55303  0.23776
     97   2.13138  1.92369  2.19613  0.47156    117 - -
          1.38629  1.38629  1.38629  1.38629
          0.06211  3.50285  3.50285  1.46634  0.26236  1.25913  0.33393
     98   1.99451  2.33150  0.44430  2.07549    118 - -
          1.38629  1.38629  1.38629  1.38629
          0.06138  3.51440  3.51440  1.46634  0.26236  0.82872  0.57378
     99   2.18529  1.90215  2.25677  0.45631    119 - -
          1.38629  1.38629  1.38629  1.38629
          0.05962  3.54265  3.54265  1.46634  0.26236  0.84627  0.56038
    100   2.23366  2.00377  2.30062  0.41879    120 - -
          1.38629  1.38629  1.38629  1.38629
          0.05915  3.55746  3.54308  1.46634  0.26236  1.08737  0.41114
    101   2.24059  2.01044  2.31170  0.41463    121 - -
          1.38629  1.38629  1.38629  1.38629
          0.05871  3.55753  3.55753  1.46634  0.26236  1.08905  0.41028
    102   2.38507  0.37865  2.46021  1.98256    122 - -
          1.38629  1.38629  1.38629  1.38629
          0.05868  3.55794  3.55794  1.46634  0.26236  1.09861  0.40547
    103   2.23834  2.00168  2.30947  0.41712    123 - -
          1.38629  1.38629  1.38629  1.38629
          0.05868  3.55794  3.55794  1.46634  0.26236  1.09861  0.40547
    104   2.13340  2.58224  0.33268  2.41954    124 - -
          1.38629  1.38629  1.38629  1.38629
          0.05868  3.55794  3.55794  1.46634  0.26236  1.09861  0.40547
    105   2.38627  0.37779  2.46142  1.98528    125 - -
          1.38629  1.38629  1.38629  1.38629
          0.05868  3.55794  3.55794  1.46634  0.26236  1.09861  0.40547
    106   2.38418  0.37928  2.45931  1.98057    126 - -
          1.39142  1.37872  1.39142  1.38366
          0.06492  3.37087  3.55794  1.24768  0.33851  1.09861  0.40547
    107   2.21867  2.00600  2.29986  0.42091    128 - -
          1.38629  1.38629  1.38629  1.38629
          0.06178  3.55794  3.46051  1.46634  0.26236  1.09861  0.40547
    108   2.23597  2.00685  2.30710  0.41680    129 - -
          1.38629  1.38629  1.38629  1.38629
          0.05886  3.55502  3.55502  1.46634  0.26236  1.03473  0.43901
    109   2.18176  2.60526  0.31988  2.44140    130 - -
          1.38629  1.38629  1.38629  1.38629
          0.05868  3.55794  3.55794  1.46634  0.26236  1.09861  0.40547
    110   2.36912  0.39013  2.44424  1.94719    131 - -
          1.38629  1.38629  1.38629  1.38629
          0.05868  3.55794  3.55794  1.46634  0.26236  1.09861  0.40547
    111   2.11868  2.57512  0.33674  2.41273    132 - -
          1.38629  1.38629  1.38629  1.38629
          0.05868  3.55794  3.55794  1.46634  0.26236  1.09861  0.40547
    112   2.22163  1.96519  2.28872  0.43072    133 - -
          1.38629  1.38629  1.38629  1.38629
          0.05868  3.55794  3.55794  1.46634  0.26236  1.09861  0.40547
    113   2.10721  1.97757  2.21551  0.46058    134 - -
          1.38629  1.38629  1.38629  1.38629
          0.05868  3.55794  3.55794  1.46634  0.26236  1.09861  0.40547
    114   2.33942  0.40762  2.41823  1.90174    135 - -
          1.38629  1.38629  1.38629  1.38629
          0.05868  3.55794  3.55794  1.46634  0.26236  1.09861  0.40547
    115   2.16393  1.97882  2.21757  0.44938    136 - -
          1.38629  1.38629  1.38629  1.38629
          0.06007  3.55794  3.51318  1.46634  0.26236  1.09861  0.40547
    116   2.23649  2.00150  2.30762  0.41773    137 - -
          1.38629  1.38629  1.38629  1.38629
          0.05913  3.55664  3.54447  1.46634  0.26236  1.06899  0.42061
    117   0.36238  2.47029  2.11911  2.30977    138 - -
          1.38629  1.38629  1.38629  1.38629
          0.05870  3.55759  3.55759  1.46634  0.26236  1.10268  0.40344
    118   2.19429  1.87325  2.26589  0.46013    139 - -
          1.38629  1.38629  1.38629  1.38629
          0.05870  3.55759  3.55759  1.46634  0.26236  1.09052  0.40954
    119   2.17439  2.60179  0.32178  2.43812    140 - -
          1.38629  1.38629  1.38629  1.38629
          0.05868  3.55794  3.55794  1.46634  0.26236  1.09861  0.40547
    120   0.37835  2.41835  2.10124  2.26689    141 - -
          1.38629  1.38629  1.38629  1.38629
          0.05868  3.55794  3.55794  1.46634  0.26236  1.09861  0.40547
    121   2.08166  2.54242  0.35006  2.38642    142 - -
          1.38629  1.38629  1.38629  1.38629
          0.05926  3.55794  3.53898  1.46634  0.26236  1.09861  0.40547
    122   2.36228  0.39480  2.43740  1.93384    143 - -
          1.38629  1.38629  1.38629  1.38629
          0.05872  3.55740  3.55740  1.46634  0.26236  1.08601  0.41183
    123   2.23213  1.98266  2.30330  0.42301    144 - -
          1.38629  1.38629  1.38629  1.38629
          0.05868  3.55794  3.55794  1.46634  0.26236  1.09861  0.40547
    124   0.36636  2.46475  2.10440  2.30463    145 - -
          1.38629  1.38629  1.38629  1.38629
          0.05868  3.55794  3.55794  1.46634  0.26236  1.09861  0.40547
    125   2.23225  1.98302  2.30342  0.42290    146 - -
          1.38629  1.38629  1.38629  1.38629
          0.05868  3.55794  3.55794  1.46634  0.26236  1.09861  0.40547
    126   2.24135  2.01103  2.31246  0.41428    147 - -
          1.38629  1.38629  1.38629  1.38629
          0.06023  3.55794  3.50802  1.46634  0.26236  1.09861  0.40547
    127   2.17873  2.60183  0.32113  2.43787    148 - -
          1.38629  1.38629  1.38629  1.38629
          0.05877  3.55648  3.55648  1.46634  0.26236  1.06561  0.42238
    128   2.30854  0.41439  2.36911  1.92219    149 - -
          1.38629  1.38629  1.38629  1.38629
          0.05868  3.55794  3.55794  1.46634  0.26236  1.09861  0.40547
    129   2.38916  0.37575  2.46431  1.99180    150 - -
          1.38629  1.38629  1.38629  1.38629
          0.07621  3.55794  3.10379  1.46634  0.26236  1.09861  0.40547
    130   2.18095  0.54991  2.25664  1.58299    151 - -
          1.38629  1.38629  1.38629  1.38629
          0.05969  3.54142  3.54142  1.46634  0.26236  1.18529  0.36479
    131   2.19703  1.96084  2.27272  0.43836    152 - -
          1.38745  1.38284  1.38745  1.38745
          0.06094  3.49890  3.54411  1.40972  0.27999  0.88205  0.53432
    132   2.36177  0.39478  2.43689  1.93456    154 - -
          1.38629  1.38629  1.38629  1.38629
          0.05911  3.55678  3.54499  1.46634  0.26236  1.11212  0.39878
    133   2.22939  1.98049  2.30057  0.42434    155 - -
          1.44434  1.35312  1.42403  1.32831
          0.09936  2.72215  3.54579  1.08721  0.41122  1.11601  0.39688
    134   2.16356  2.59420  0.32518  2.43060    162 - -
          1.38629  1.38629  1.38629  1.38629
          0.05926  3.55613  3.54095  1.46634  0.26236  1.10886  0.40038
    135   0.65106  1.74236  1.90249  1.86949    163 - -
          1.38629  1.38629  1.38629  1.38629
          0.05915  3.55600  3.54453  1.46634  0.26236  1.10582  0.40188
    136   2.15426  2.56760  0.33165  2.41289    164 - -
          1.38629  1.38629  1.38629  1.38629
          0.05879  3.55611  3.55611  1.46634  0.26236  1.11978  0.39505
    137   2.31875  0.41696  2.37505  1.90015    165 - -
          1.38629  1.38629  1.38629  1.38629
          0.05879  3.55611  3.55611  1.46634  0.26236  1.10800  0.40081
    138   2.36276  0.39384  2.43788  1.93772    166 - -
          1.38741  1.38297  1.38741  1.38741
          0.06012  3.51293  3.55645  1.41179  0.27933  1.07593  0.41700
    139   0.36735  2.46080  2.10805  2.29668    168 - -
          1.38629  1.38629  1.38629  1.38629
          0.05870  3.55761  3.55761  1.46634  0.26236  1.09097  0.40931
    140   0.36533  2.46624  2.10804  2.30604    169 - -
          1.38629  1.38629  1.38629  1.38629
          0.05868  3.55794  3.55794  1.46634  0.26236  1.09861  0.40547
    141   2.22774  2.00573  2.28826  0.42125    170 - -
          1.38629  1.38629  1.38629  1.38629
          0.05868  3.55794  3.55794  1.46634  0.26236  1.09861  0.40547
    142   2.18176  2.60526  0.31988  2.44140    171 - -
          1.38629  1.38629  1.38629  1.38629
          0.05868  3.55794  3.55794  1.46634  0.26236  1.09861  0.40547
    143   2.18176  2.60526  0.31988  2.44140    172 - -
          1.38629  1.38629  1.38629  1.38629
          0.05868  3.55794  3.55794  1.46634  0.26236  1.09861  0.40547
    144   2.38682  0.37741  2.46196  1.98651    173 - -
          1.38629  1.38629  1.38629  1.38629
          0.05868  3.55794  3.55794  1.46634  0.26236  1.09861  0.40547
    145   2.24135  2.01103  2.31246  0.41428    174 - -
          1.38629  1.38629  1.38629  1.38629
          0.05868  3.55794  3.55794  1.46634  0.26236  1.09861  0.40547
    146   2.24135  2.01103  2.31246  0.41428    175 - -
          1.38629  1.38629  1.38629  1.38629
          0.05868  3.55794  3.55794  1.46634  0.26236  1.09861  0.40547
    147   2.18176  2.60526  0.31988  2.44140    176 - -
          1.38794  1.38794  1.38139  1.38794
          0.06067  3.49431  3.55794  1.38738  0.28732  1.09861  0.40547
    148   2.14395  1.97372  2.14855  0.46646    178 - -
          1.38629  1.38629  1.38629  1.38629
          0.05868  3.55794  3.55794  1.46634  0.26236  1.09861  0.40547
    149   2.06768  1.93404  1.99874  0.52180    179 - -
          1.38629  1.38629  1.38629  1.38629
          0.05868  3.55794  3.55794  1.46634  0.26236  1.09861  0.40547
    150   0.36744  2.44453  2.12063  2.29492    180 - -
          1.38629  1.38629  1.38629  1.38629
          0.05961  3.55794  3.52771  1.46634  0.26236  1.09861  0.40547
    151   0.38788  2.37179  2.09875  2.24827    181 - -
          1.38629  1.38629  1.38629  1.38629
          0.05874  3.55707  3.55707  1.46634  0.26236  1.07856  0.41564
    152   2.17023  1.99515  2.27299  0.43564    182 - -
          1.38629  1.38629  1.38629  1.38629
          0.05868  3.55794  3.55794  1.46634  0.26236  1.09861  0.40547
    153   2.22763  1.99432  2.29139  0.42314    183 - -
          1.38629  1.38629  1.38629  1.38629
          0.05868  3.55794  3.55794  1.46634  0.26236  1.09861  0.40547
    154   2.11851  2.50531  0.35651  2.32253    184 - -
          1.38629  1.38629  1.38629  1.38629
          0.05868  3.55794  3.55794  1.46634  0.26236  1.09861  0.40547
    155   2.33154  0.40306  2.37724  1.95351    185 - -
          1.38629  1.38629  1.38629  1.38629
          0.06007  3.55794  3.51318  1.46634  0.26236  1.09861  0.40547
    156   2.22419  1.96399  2.29541  0.42951    186 - -
          1.38629  1.38629  1.38629  1.38629
          0.05909  3.55664  3.54602  1.46634  0.26236  1.11376  0.39798
    157   2.22499  1.99344  2.30018  0.42241    187 - -
          1.38629  1.38629  1.38629  1.38629
          0.05878  3.55633  3.55633  1.46634  0.26236  1.06234  0.42411
    158   2.12874  2.52968  0.34973  2.33874    188 - -
          1.38629  1.38629  1.38629  1.38629
          0.05868  3.55794  3.55794  1.46634  0.26236  1.09861  0.40547
    159   2.16525  2.58837  0.32578  2.42849    189 - -
          1.38629  1.38629  1.38629  1.38629
          0.05868  3.55794  3.55794  1.46634  0.26236  1.09861  0.40547
    160   2.17288  1.96503  2.21168  0.45180    190 - -
          1.38629  1.38629  1.38629  1.38629
          0.06053  3.55794  3.49877  1.46634  0.26236  1.09861  0.40547
    161   2.19783  1.98886  2.23861  0.43773    191 - -
          1.38629  1.38629  1.38629  1.38629
          0.05879  3.55620  3.55620  1.46634  0.26236  1.05956  0.42558
    162   2.33879  0.40709  2.40327  1.91358    192 - -
          1.38629  1.38629  1.38629  1.38629
          0.05868  3.55794  3.55794  1.46634  0.26236  1.09861  0.40547
    163   2.22050  1.97209  2.29555  0.42836    193 - -
          1.38629  1.38629  1.38629  1.38629
          0.05868  3.55794  3.55794  1.46634  0.26236  1.09861  0.40547
    164   2.22248  1.99878  2.28034  0.42479    194 - -
          1.38629  1.38629  1.38629  1.38629
          0.05868  3.55794  3.55794  1.46634  0.26236  1.09861  0.40547
    165   2.14370  2.52603  0.34764  2.33871    195 - -
          1.38629  1.38629  1.38629  1.38629
          0.05868  3.55794  3.55794  1.46634  0.26236  1.09861  0.40547
    166   2.33058  0.39921  2.37974  1.97085    196 - -
          1.38629  1.38629  1.38629  1.38629
          0.05868  3.55794  3.55794  1.46634  0.26236  1.09861  0.40547
    167   0.38535  2.38947  2.09105  2.25811    197 - -
          1.38629  1.38629  1.38629  1.38629
          0.05868  3.55794  3.55794  1.46634  0.26236  1.09861  0.40547
    168   0.38166  2.44301  2.05188  2.28395    198 - -
          1.38629  1.38629  1.38629  1.38629
          0.05868  3.55794  3.55794  1.46634  0.26236  1.09861  0.40547
    169   0.37668  2.42058  2.09978  2.27776    199 - -
          1.38629  1.38629  1.38629  1.38629
          0.05901  3.55794  3.54730  1.46634  0.26236  1.09861  0.40547
    170   0.37566  2.41808  2.10779  2.27725    200 - -
          1.37050  1.39162  1.39162  1.39162
          0.06517  3.36419  3.55764  1.24091  0.34125  1.10217  0.40369
    171   2.21082  1.92070  2.28219  0.44344    202 - -
          1.38629  1.38629  1.38629  1.38629
          0.05870  3.55764  3.55764  1.46634  0.26236  1.10217  0.40369
    172   2.15860  2.59389  0.32601  2.43058    203 - -
          1.38629  1.38629  1.38629  1.38629
          0.05870  3.55764  3.55764  1.46634  0.26236  1.10217  0.40369
    173   2.38879  0.37581  2.46394  1.99195    204 - -
          1.38629  1.38629  1.38629  1.38629
          0.05870  3.55764  3.55764  1.46634  0.26236  1.10217  0.40369
    174   2.22501  1.97545  2.29238  0.42739    205 - -
          1.45605  1.57829  1.40011  1.15853
          0.09629  2.75994  3.55764  3.34336  0.03596  1.10217  0.40369
    175   2.22620  2.00736  2.30380  0.41879    247 - -
          1.38629  1.38629  1.38629  1.38629
          0.05870  3.55764  3.55764  1.46634  0.26236  1.10217  0.40369
    176   2.24079  2.01060  2.31190  0.41454    248 - -
          1.38629  1.38629  1.38629  1.38629
          0.05870  3.55764  3.55764  1.46634  0.26236  1.09153  0.40903
    177   2.18176  2.60526  0.31988  2.44140    249 - -
          1.38629  1.38629  1.38629  1.38629
          0.05868  3.55794  3.55794  1.46634  0.26236  1.09861  0.40547
    178   2.32531  0.42344  2.40050  1.85287    250 - -
          1.38629  1.38629  1.38629  1.38629
          0.05868  3.55794  3.55794  1.46634  0.26236  1.09861  0.40547
    179   2.11709  2.48064  0.35518  2.35512    251 - -
          1.38629  1.38629  1.38629  1.38629
          0.05868  3.55794  3.55794  1.46634  0.26236  1.09861  0.40547
    180   2.33325  0.41718  2.40842  1.86975    252 - -
          1.38629  1.38629  1.38629  1.38629
          0.05868  3.55794  3.55794  1.46634  0.26236  1.09861  0.40547
    181   2.16161  2.59018  0.32688  2.42272    253 - -
          1.38629  1.38629  1.38629  1.38629
          0.06188  3.55794  3.45764  1.46634  0.26236  1.09861  0.40547
    182   2.35108  0.39101  2.43468  1.96089    254 - -
          1.38629  1.38629  1.38629  1.38629
          0.05887  3.55493  3.55493  1.46634  0.26236  1.03288  0.44003
    183   2.13281  1.96279  2.21872  0.45842    255 - -
          1.39941  1.37850  1.39941  1.36822
          0.06969  3.28275  3.51346  1.22730  0.34684  1.09861  0.40547
    184   2.17063  2.59824  0.32317  2.43451    258 - -
          1.38629  1.38629  1.38629  1.38629
          0.05876  3.55664  3.55664  1.46634  0.26236  1.09349  0.40804
    185   2.23033  1.99881  2.29606  0.42105    259 - -
          1.38629  1.38629  1.38629  1.38629
          0.05873  3.55723  3.55723  1.46634  0.26236  1.10695  0.40132
    186   2.22704  1.99939  2.30275  0.42045    260 - -
          1.38629  1.38629  1.38629  1.38629
          0.05873  3.55723  3.55723  1.46634  0.26236  1.10695  0.40132
    187   0.36011  2.47335  2.12787  2.31255    261 - -
          1.38629  1.38629  1.38629  1.38629
          0.05873  3.55723  3.55723  1.46634  0.26236  1.10695  0.40132
    188   2.22802  1.97313  2.29921  0.42633    262 - -
          1.38629  1.38629  1.38629  1.38629
          0.07328  3.55723  3.16680  1.46634  0.26236  1.10695  0.40132
    189   2.21480  1.99031  2.28600  0.42694    263 - -
          1.38629  1.38629  1.38629  1.38629
          0.05956  3.54351  3.54351  1.46634  0.26236  1.22262  0.34879
    190   2.35879  0.38879  2.43387  1.96689    264 - -
          1.38629  1.38629  1.38629  1.38629
          0.05951  3.54442  3.54442  1.46634  0.26236  0.87559  0.53891
    191   0.41793  2.28084  2.06420  2.18501    265 - -
          1.38629  1.38629  1.38629  1.38629
          0.05873  3.55723  3.55723  1.46634  0.26236  1.10695  0.40132
    192   0.69584  2.06406  1.45183  1.96423    266 - -
          1.38629  1.38629  1.38629  1.38629
          0.05873  3.55723  3.55723  1.46634  0.26236  1.10695  0.40132
    193   2.06781  2.49947  0.36910  2.30209    267 - -
          1.38629  1.38629  1.38629  1.38629
          0.05873  3.55723  3.55723  1.46634  0.26236  1.10695  0.40132
    194   2.19670  1.92617  2.25458  0.44909    268 - -
          1.38629  1.38629  1.38629  1.38629
          0.05911  3.55723  3.54462  1.46634  0.26236  1.10695  0.40132
    195   2.20079  1.95453  2.27204  0.43920    269 - -
          1.38629  1.38629  1.38629  1.38629
          0.05907  3.55686  3.54624  1.46634  0.26236  1.11113  0.39926
    196   2.13404  1.97999  2.23701  0.45131    270 - -
          1.38629  1.38629  1.38629  1.38629
          0.05910  3.55656  3.54573  1.46634  0.26236  1.10402  0.40277
    197   2.34717  0.40097  2.41368  1.92961    271 - -
          1.38629  1.38629  1.38629  1.38629
          0.05877  3.55655  3.55655  1.46634  0.26236  1.11471  0.39751
    198   2.16785  1.98121  2.20991  0.44947    272 - -
          1.40049  1.38629  1.40049  1.35849
          0.06519  3.42289  3.49027  1.45142  0.26688  1.11471  0.39751
    199   0.36703  2.46116  2.10639  2.30062    277 - -
          1.38629  1.38629  1.38629  1.38629
          0.05889  3.55460  3.55460  1.46634  0.26236  1.13694  0.38684
    200   2.28011  0.40886  2.39225  1.95266    278 - -
          1.38629  1.38629  1.38629  1.38629
          0.06028  3.55460  3.50983  1.46634  0.26236  1.13694  0.38684
    201   2.31330  0.41033  2.35179  1.94885    279 - -
          1.39355  1.38663  1.38550  1.37955
          0.06785  3.29770  3.55329  1.17684  0.36853  1.15152  0.38002
    202   2.18102  1.95493  2.22058  0.45106    281 - -
          1.38629  1.38629  1.38629  1.38629
          0.05897  3.55329  3.55329  1.46634  0.26236  1.10676  0.40142
    203   2.19295  1.96735  2.27825  0.43677    282 - -
          1.38629  1.38629  1.38629  1.38629
          0.06134  3.55460  3.47687  1.46634  0.26236  1.13694  0.38684
    204   2.29409  0.41293  2.39309  1.92351    283 - -
          1.38184  1.38314  1.39714  1.38314
          0.06568  3.35504  3.55228  1.31141  0.31394  1.07314  0.41845
    205   2.12528  2.53390  0.34343  2.38688    288 - -
          1.38629  1.38629  1.38629  1.38629
          0.05886  3.55496  3.55496  1.46634  0.26236  1.13286  0.38877
    206   2.02772  1.60445  2.13339  0.59979    289 - -
          1.38629  1.38629  1.38629  1.38629
          0.05937  3.55496  3.53843  1.46634  0.26236  1.13286  0.38877
    207   2.09498  2.52780  0.35118  2.37265    290 - -
          1.38629  1.38629  1.38629  1.38629
          0.05889  3.55448  3.55448  1.46634  0.26236  1.13822  0.38624
    208   2.09519  2.55188  0.34692  2.38430    291 - -
          1.38629  1.38629  1.38629  1.38629
          0.05889  3.55448  3.55448  1.46634  0.26236  1.12169  0.39412
    209   2.19323  1.94790  2.24394  0.44655    292 - -
          1.38629  1.38629  1.38629  1.38629
          0.05886  3.55496  3.55496  1.46634  0.26236  1.13286  0.38877
    210   2.22857  1.99808  2.29572  0.42154    293 - -
          1.38629  1.38629  1.38629  1.38629
          0.05886  3.55496  3.55496  1.46634  0.26236  1.12203  0.39396
    211   2.22799  1.99586  2.29489  0.42222    294 - -
          1.38629  1.38629  1.38629  1.38629
          0.05982  3.55527  3.52373  1.46634  0.26236  1.12935  0.39044
    212   2.17920  1.96643  2.21224  0.45027    295 - -
          1.38658  1.40918  1.40918  1.34177
          0.06977  3.24959  3.55435  1.30481  0.31639  1.04382  0.43403
    213   0.37783  2.44171  2.07190  2.28575    300 - -
          1.38629  1.38629  1.38629  1.38629
          0.05873  3.55723  3.55723  1.46634  0.26236  1.10695  0.40132
    214   2.36451  0.39305  2.43963  1.93922    301 - -
          1.38629  1.38629  1.38629  1.38629
          0.05873  3.55723  3.55723  1.46634  0.26236  1.10695  0.40132
    215   2.23175  1.98444  2.30292  0.42276    302 - -
          1.38629  1.38629  1.38629  1.38629
          0.05873  3.55723  3.55723  1.46634  0.26236  1.10695  0.40132
    216   2.22367  1.99959  2.28323  0.42397    303 - -
          1.38629  1.38629  1.38629  1.38629
          0.05873  3.55723  3.55723  1.46634  0.26236  1.10695  0.40132
    217   2.18028  2.60358  0.32049  2.43967    304 - -
          1.38629  1.38629  1.38629  1.38629
          0.05873  3.55723  3.55723  1.46634  0.26236  1.10695  0.40132
    218   0.36374  2.46800  2.11468  2.30755    305 - -
          1.38629  1.38629  1.38629  1.38629
          0.05873  3.55723  3.55723  1.46634  0.26236  1.10695  0.40132
    219   2.13780  2.58340  0.33171  2.42053    306 - -
          1.38629  1.38629  1.38629  1.38629
          0.05873  3.55723  3.55723  1.46634  0.26236  1.10695  0.40132
    220   2.23762  2.00250  2.30875  0.41717    307 - -
          1.38280  1.39685  1.38280  1.38280
          0.06392  3.42484  3.52779  1.40581  0.28126  1.10695  0.40132
    221   2.16633  2.59584  0.32438  2.43219    311 - -
          1.38629  1.38629  1.38629  1.38629
          0.05878  3.55637  3.55637  1.46634  0.26236  1.11677  0.39651
    222   0.36862  2.44885  2.11064  2.29506    312 - -
          1.38629  1.38629  1.38629  1.38629
          0.05878  3.55637  3.55637  1.46634  0.26236  1.11677  0.39651
    223   2.35824  0.39714  2.43336  1.92804    313 - -
          1.38104  1.38104  1.39158  1.39158
          0.06199  3.45567  3.55637  1.38207  0.28909  1.11677  0.39651
    224   2.12771  2.56649  0.33674  2.40801    316 - -
          1.38629  1.38629  1.38629  1.38629
          0.05946  3.55637  3.53426  1.46634  0.26236  1.08734  0.41115
    225   2.35786  0.38940  2.41708  1.97522    317 - -
          1.38629  1.38629  1.38629  1.38629
          0.05877  3.55659  3.55659  1.46634  0.26236  1.09220  0.40869
    226   2.22701  1.97011  2.29822  0.42730    318 - -
          1.38629  1.38629  1.38629  1.38629
          0.05963  3.55723  3.52779  1.46634  0.26236  1.08215  0.41380
    227   2.17140  2.59921  0.32283  2.43552    319 - -
          1.38629  1.38629  1.38629  1.38629
          0.05993  3.55709  3.51824  1.46634  0.26236  1.07908  0.41537
    228   2.38583  0.37738  2.46098  1.98793    320 - -
          1.38629  1.38629  1.38629  1.38629
          0.05875  3.55681  3.55681  1.46634  0.26236  1.07288  0.41858
    229   2.18959  1.98670  2.23203  0.44071    321 - -
          1.38629  1.38629  1.38629  1.38629
          0.05868  3.55794  3.55794  1.46634  0.26236  1.09861  0.40547
    230   2.39359  0.37263  2.46875  2.00183    322 - -
          1.38629  1.38629  1.38629  1.38629
          0.05868  3.55794  3.55794  1.46634  0.26236  1.09861  0.40547
    231   0.36395  2.46827  2.11300  2.30794    323 - -
          1.38629  1.38629  1.38629  1.38629
          0.05868  3.55794  3.55794  1.46634  0.26236  1.09861  0.40547
    232   2.23591  1.99419  2.30705  0.41942    324 - -
          1.38824  1.38824  1.38824  1.38048
          0.06104  3.48292  3.55794  1.37377  0.29189  1.09861  0.40547
    233   2.16956  2.59951  0.32303  2.43596    326 - -
          1.38629  1.38629  1.38629  1.38629
          0.05868  3.55794  3.55794  1.46634  0.26236  1.09861  0.40547
    234   2.39049  0.37481  2.46564  1.99480    327 - -
          1.38629  1.38629  1.38629  1.38629
          0.05868  3.55794  3.55794  1.46634  0.26236  1.09861  0.40547
    235   2.23832  2.00161  2.30945  0.41714    328 - -
          1.38629  1.38629  1.38629  1.38629
          0.05868  3.55794  3.55794  1.46634  0.26236  1.09861  0.40547
    236   2.24135  2.01103  2.31246  0.41428    329 - -
          1.38629  1.38629  1.38629  1.38629
          0.06422  3.55794  3.39025  1.46634  0.26236  1.09861  0.40547
    237   2.16312  2.58934  0.32640  2.42534    330 - -
          1.38629  1.38629  1.38629  1.38629
          0.05900  3.55273  3.55273  1.46634  0.26236  0.99000  0.46454
    238   2.39359  0.37263  2.46875  2.00183    331 - -
          1.38629  1.38629  1.38629  1.38629
          0.05868  3.55794  3.55794  1.46634  0.26236  1.09861  0.40547
    239   0.36788  2.46254  2.09900  2.30254    332 - -
          1.38629  1.38629  1.38629  1.38629
          0.05868  3.55794  3.55794  1.46634  0.26236  1.09861  0.40547
    240   0.36302  2.46665  2.12542  2.30081    333 - -
          1.38629  1.38629  1.38629  1.38629
          0.05868  3.55794  3.55794  1.46634  0.26236  1.09861  0.40547
    241   2.34799  0.38803  2.43755  1.97565    334 - -
          1.38629  1.38629  1.38629  1.38629
          0.05868  3.55794  3.55794  1.46634  0.26236  1.09861  0.40547
    242   2.38064  0.38181  2.45577  1.97267    335 - -
          1.38878  1.37292  1.38634  1.39729
          0.07214  3.19161  3.55794  1.07110  0.41951  1.09861  0.40547
    243   2.18176  2.60526  0.31988  2.44140    337 - -
          1.38629  1.38629  1.38629  1.38629
          0.05868  3.55794  3.55794  1.46634  0.26236  1.09861  0.40547
    244   2.39043  0.37486  2.46558  1.99465    338 - -
          1.38629  1.38629  1.38629  1.38629
          0.06007  3.55794  3.51318  1.46634  0.26236  1.09861  0.40547
    245   2.22844  2.00267  2.30360  0.41942    339 - -
          1.38740  1.38740  1.38740  1.38298
          0.06010  3.51330  3.55664  1.41201  0.27925  1.11376  0.39798
    246   2.17905  2.60219  0.32100  2.43824    341 - -
          1.38629  1.38629  1.38629  1.38629
          0.05876  3.55664  3.55664  1.46634  0.26236  1.06899  0.42061
    247   2.16914  2.59931  0.32315  2.43577    342 - -
          1.38629  1.38629  1.38629  1.38629
          0.05994  3.55794  3.51715  1.46634  0.26236  1.09861  0.40547
    248   2.17930  2.60247  0.32090  2.43852    343 - -
          1.38629  1.38629  1.38629  1.38629
          0.05876  3.55675  3.55675  1.46634  0.26236  1.07160  0.41925
    249   0.37212  2.44183  2.11586  2.27114    344 - -
          1.38629  1.38629  1.38629  1.38629
          0.05917  3.55794  3.54189  1.46634  0.26236  1.09861  0.40547
    250   2.24050  2.01037  2.31162  0.41467    345 - -
          1.38629  1.38629  1.38629  1.38629
          0.05871  3.55748  3.55748  1.46634  0.26236  1.08794  0.41084
    251   2.18176  2.60526  0.31988  2.44140    346 - -
          1.38629  1.38629  1.38629  1.38629
          0.05868  3.55794  3.55794  1.46634  0.26236  1.09861  0.40547
    252   2.37093  0.38337  2.43530  1.98434    347 - -
          1.41587  1.41587  1.32964  1.38629
          0.06808  3.28829  3.55794  1.71939  0.19745  1.09861  0.40547
    253   0.36264  2.47019  2.11773  2.30975    356 - -
          1.38629  1.38629  1.38629  1.38629
          0.05868  3.55794  3.55794  1.46634  0.26236  1.09861  0.40547
    254   2.17200  2.59146  0.32403  2.43145    357 - -
          1.38629  1.38629  1.38629  1.38629
          0.05868  3.55794  3.55794  1.46634  0.26236  1.09861  0.40547
    255   2.18176  2.60526  0.31988  2.44140    358 - -
          1.38629  1.38629  1.38629  1.38629
          0.05868  3.55794  3.55794  1.46634  0.26236  1.09861  0.40547
    256   2.22424  1.99936  2.28350  0.42388    359 - -
          1.39102  1.39102  1.38495  1.37824
          0.06258  3.43690  3.55794  1.34241  0.30275  1.09861  0.40547
    257   2.17441  2.60180  0.32177  2.43813    362 - -
          1.38629  1.38629  1.38629  1.38629
          0.05868  3.55794  3.55794  1.46634  0.26236  1.09861  0.40547
    258   2.39359  0.37263  2.46875  2.00183    363 - -
          1.38629  1.38629  1.38629  1.38629
          0.05868  3.55794  3.55794  1.46634  0.26236  1.09861  0.40547
    259   0.37345  2.45028  2.09222  2.28317    364 - -
          1.38629  1.38629  1.38629  1.38629
          0.05868  3.55794  3.55794  1.46634  0.26236  1.09861  0.40547
    260   2.23024  2.00857  2.30629  0.41751    365 - -
          1.38904  1.38904  1.38904  1.37809
          0.06630  3.45349  3.42608  1.33933  0.30384  1.09861  0.40547
    261   2.17339  2.59579  0.32334  2.43166    367 - -
          1.38629  1.38629  1.38629  1.38629
          0.05893  3.55392  3.55392  1.46634  0.26236  1.14452  0.38328
    262   2.37955  0.37998  2.45468  1.98309    368 - -
          1.38629  1.38629  1.38629  1.38629
          0.05893  3.55392  3.55392  1.46634  0.26236  1.14452  0.38328
    263   2.38427  0.37660  2.45942  1.99388    369 - -
          1.38629  1.38629  1.38629  1.38629
          0.06034  3.55392  3.50842  1.46634  0.26236  1.14452  0.38328
    264   2.22340  1.99391  2.29006  0.42413    370 - -
          1.38629  1.38629  1.38629  1.38629
          0.05901  3.55258  3.55258  1.46634  0.26236  1.11374  0.39799
    265   2.37908  0.38032  2.45422  1.98203    371 - -
          1.38629  1.38629  1.38629  1.38629
          0.05893  3.55392  3.55392  1.46634  0.26236  1.14452  0.38328
    266   2.23393  2.00526  2.30508  0.41776    372 - -
          1.38629  1.38629  1.38629  1.38629
          0.05893  3.55392  3.55392  1.46634  0.26236  1.14452  0.38328
    267   0.36299  2.46649  2.12183  2.30547    373 - -
          1.38629  1.38629  1.38629  1.38629
          0.06013  3.55392  3.51507  1.46634  0.26236  1.14452  0.38328
    268   2.17103  2.59312  0.32432  2.42892    374 - -
          1.38629  1.38629  1.38629  1.38629
          0.05900  3.55278  3.55278  1.46634  0.26236  1.11821  0.39581
    269   2.38427  0.37660  2.45942  1.99388    375 - -
          1.38629  1.38629  1.38629  1.38629
          0.05893  3.55392  3.55392  1.46634  0.26236  1.14452  0.38328
    270   0.38549  2.40377  2.09348  2.24197    376 - -
          1.38629  1.38629  1.38629  1.38629
          0.05893  3.55392  3.55392  1.46634  0.26236  1.14452  0.38328
    271   2.19775  1.98493  2.24246  0.43795    377 - -
          1.38629  1.38629  1.38629  1.38629
          0.05925  3.55392  3.54326  1.46634  0.26236  1.14452  0.38328
    272   2.13592  2.56686  0.33690  2.39571    378 - -
          1.38629  1.38629  1.38629  1.38629
          0.05895  3.55361  3.55361  1.46634  0.26236  1.13727  0.38668
    273   0.36522  2.46325  2.11377  2.30245    379 - -
          1.37348  1.39060  1.39060  1.39060
          0.06427  3.39205  3.55392  1.50059  0.25231  1.14452  0.38328
    274   0.37181  2.45377  2.09041  2.29354    385 - -
          1.38629  1.38629  1.38629  1.38629
          0.05893  3.55392  3.55392  1.46634  0.26236  1.14452  0.38328
    275   2.12488  2.57281  0.33631  2.40986    386 - -
          1.38629  1.38629  1.38629  1.38629
          0.05893  3.55392  3.55392  1.46634  0.26236  1.14452  0.38328
    276   2.17127  1.98348  2.24008  0.44328    387 - -
          1.38629  1.38629  1.38629  1.38629
          0.05893  3.55392  3.55392  1.46634  0.26236  1.14452  0.38328
    277   2.30682  0.40136  2.40826  1.95871    388 - -
          1.38629  1.38629  1.38629  1.38629
          0.05893  3.55392  3.55392  1.46634  0.26236  1.14452  0.38328
    278   0.38161  2.43066  2.07860  2.26189    389 - -
          1.38629  1.38629  1.38629  1.38629
          0.05893  3.55392  3.55392  1.46634  0.26236  1.14452  0.38328
    279   2.12439  2.53433  0.34360  2.38633    390 - -
          1.38740  1.38740  1.38740  1.38299
          0.06027  3.51074  3.55392  1.41220  0.27919  1.14452  0.38328
    280   0.37035  2.45586  2.09553  2.29551    392 - -
          1.38629  1.38629  1.38629  1.38629
          0.05893  3.55392  3.55392  1.46634  0.26236  1.14452  0.38328
    281   2.35587  0.38950  2.43729  1.96328    393 - -
          1.38629  1.38629  1.38629  1.38629
          0.05893  3.55392  3.55392  1.46634  0.26236  1.14452  0.38328
    282   0.37574  2.43388  2.10208  2.26995    394 - -
          1.38629  1.38629  1.38629  1.38629
          0.06092  3.55392  3.49029  1.46634  0.26236  1.14452  0.38328
    283   0.36983  2.44299  2.11290  2.28905    395 - -
          1.38629  1.38629  1.38629  1.38629
          0.02996  3.52295        *  1.46634  0.26236  0.00000        *
//
