HMMER3/b [3.0 | March 2010]
NAME  CladeF_Alignment_23April13
LENG  287
ALPH  DNA
RF    no
CS    no
MAP   yes
DATE  Thu Apr 25 10:06:40 2013
NSEQ  54
EFFN  1.723755
CKSUM 597896708
STATS LOCAL MSV       -9.9018  0.70165
STATS LOCAL VITERBI  -11.8103  0.70165
STATS LOCAL FORWARD   -4.9796  0.70165
HMM          A        C        G        T   
            m->m     m->i     m->d     i->m     i->i     d->m     d->d
  COMPO   1.49804  1.40372  1.37778  1.27792
          1.38629  1.38629  1.38629  1.38629
          0.05232  3.66963  3.66963  1.46634  0.26236  0.00000        *
      1   0.27712  2.70785  2.32422  2.55753      1 - -
          1.38629  1.38629  1.38629  1.38629
          0.05232  3.66963  3.66963  1.46634  0.26236  1.09861  0.40547
      2   0.34318  2.58175  2.06274  2.43333      2 - -
          1.38629  1.38629  1.38629  1.38629
          0.05232  3.66963  3.66963  1.46634  0.26236  1.09861  0.40547
      3   2.18827  0.67069  2.26449  1.29955      3 - -
          1.38629  1.38629  1.38629  1.38629
          0.05232  3.66963  3.66963  1.46634  0.26236  1.09861  0.40547
      4   2.65665  0.27923  2.72979  2.22362      4 - -
          1.38629  1.38629  1.38629  1.38629
          0.05232  3.66963  3.66963  1.46634  0.26236  1.09861  0.40547
      5   0.27712  2.70785  2.32422  2.55753      5 - -
          1.38629  1.38629  1.38629  1.38629
          0.05232  3.66963  3.66963  1.46634  0.26236  1.09861  0.40547
      6   0.27712  2.70785  2.32422  2.55753      6 - -
          1.38629  1.38629  1.38629  1.38629
          0.05232  3.66963  3.66963  1.46634  0.26236  1.09861  0.40547
      7   2.45018  2.16757  2.51850  0.33033      7 - -
          1.38629  1.38629  1.38629  1.38629
          0.05232  3.66963  3.66963  1.46634  0.26236  1.09861  0.40547
      8   2.40633  2.86767  0.23979  2.71463      8 - -
          1.38629  1.38629  1.38629  1.38629
          0.05232  3.66963  3.66963  1.46634  0.26236  1.09861  0.40547
      9   2.40633  2.86767  0.23979  2.71463      9 - -
          1.38629  1.38629  1.38629  1.38629
          0.05955  3.66963  3.43186  1.46634  0.26236  1.09861  0.40547
     10   2.64032  0.28412  2.71370  2.21004     10 - -
          1.38629  1.38629  1.38629  1.38629
          0.05269  3.66277  3.66277  1.46634  0.26236  0.94654  0.49116
     11   2.65665  0.27923  2.72979  2.22362     11 - -
          1.38629  1.38629  1.38629  1.38629
          0.05232  3.66963  3.66963  1.46634  0.26236  1.09861  0.40547
     12   2.45018  2.16757  2.51850  0.33033     12 - -
          1.38629  1.38629  1.38629  1.38629
          0.05232  3.66963  3.66963  1.46634  0.26236  1.09861  0.40547
     13   2.65665  0.27923  2.72979  2.22362     13 - -
          1.38629  1.38629  1.38629  1.38629
          0.05232  3.66963  3.66963  1.46634  0.26236  1.09861  0.40547
     14   2.65665  0.27923  2.72979  2.22362     14 - -
          1.38629  1.38629  1.38629  1.38629
          0.05232  3.66963  3.66963  1.46634  0.26236  1.09861  0.40547
     15   2.45018  2.16757  2.51850  0.33033     15 - -
          1.38629  1.38629  1.38629  1.38629
          0.05232  3.66963  3.66963  1.46634  0.26236  1.09861  0.40547
     16   2.40633  2.86767  0.23979  2.71463     16 - -
          1.38629  1.38629  1.38629  1.38629
          0.05232  3.66963  3.66963  1.46634  0.26236  1.09861  0.40547
     17   0.27712  2.70785  2.32422  2.55753     17 - -
          1.38629  1.38629  1.38629  1.38629
          0.05232  3.66963  3.66963  1.46634  0.26236  1.09861  0.40547
     18   0.27712  2.70785  2.32422  2.55753     18 - -
          1.38629  1.38629  1.38629  1.38629
          0.05232  3.66963  3.66963  1.46634  0.26236  1.09861  0.40547
     19   2.65665  0.27923  2.72979  2.22362     19 - -
          1.38629  1.38629  1.38629  1.38629
          0.05232  3.66963  3.66963  1.46634  0.26236  1.09861  0.40547
     20   2.40633  2.86767  0.23979  2.71463     20 - -
          1.38629  1.38629  1.38629  1.38629
          0.05955  3.66963  3.43186  1.46634  0.26236  1.09861  0.40547
     21   2.43721  2.15816  2.50579  0.33485     21 - -
          1.38629  1.38629  1.38629  1.38629
          0.05269  3.66277  3.66277  1.46634  0.26236  0.94654  0.49116
     22   0.27712  2.70785  2.32422  2.55753     22 - -
          1.38629  1.38629  1.38629  1.38629
          0.05232  3.66963  3.66963  1.46634  0.26236  1.09861  0.40547
     23   2.65665  0.27923  2.72979  2.22362     23 - -
          1.38629  1.38629  1.38629  1.38629
          0.05232  3.66963  3.66963  1.46634  0.26236  1.09861  0.40547
     24   2.40633  2.86767  0.23979  2.71463     24 - -
          1.38629  1.38629  1.38629  1.38629
          0.05955  3.66963  3.43186  1.46634  0.26236  1.09861  0.40547
     25   2.43721  2.15816  2.50579  0.33485     25 - -
          1.38629  1.38629  1.38629  1.38629
          0.05269  3.66277  3.66277  1.46634  0.26236  0.94654  0.49116
     26   2.45018  2.16757  2.51850  0.33033     26 - -
          1.38629  1.38629  1.38629  1.38629
          0.05232  3.66963  3.66963  1.46634  0.26236  1.09861  0.40547
     27   2.40633  2.86767  0.23979  2.71463     27 - -
          1.38629  1.38629  1.38629  1.38629
          0.05232  3.66963  3.66963  1.46634  0.26236  1.09861  0.40547
     28   2.65665  0.27923  2.72979  2.22362     28 - -
          1.38629  1.38629  1.38629  1.38629
          0.05232  3.66963  3.66963  1.46634  0.26236  1.09861  0.40547
     29   0.30157  2.65750  2.21782  2.50871     29 - -
          1.38629  1.38629  1.38629  1.38629
          0.05232  3.66963  3.66963  1.46634  0.26236  1.09861  0.40547
     30   2.65665  0.27923  2.72979  2.22362     30 - -
          1.38629  1.38629  1.38629  1.38629
          0.05232  3.66963  3.66963  1.46634  0.26236  1.09861  0.40547
     31   2.45018  2.16757  2.51850  0.33033     31 - -
          1.38629  1.38629  1.38629  1.38629
          0.05232  3.66963  3.66963  1.46634  0.26236  1.09861  0.40547
     32   2.65665  0.27923  2.72979  2.22362     32 - -
          1.38629  1.38629  1.38629  1.38629
          0.05232  3.66963  3.66963  1.46634  0.26236  1.09861  0.40547
     33   2.45018  2.16757  2.51850  0.33033     33 - -
          1.38629  1.38629  1.38629  1.38629
          0.07050  3.66963  3.15619  1.46634  0.26236  1.09861  0.40547
     34   2.08565  0.99761  2.16189  0.93673     34 - -
          1.38629  1.38629  1.38629  1.38629
          0.05325  3.65238  3.65238  1.46634  0.26236  1.06270  0.42392
     35   2.38635  2.84361  0.24604  2.68932     35 - -
          1.38629  1.38629  1.38629  1.38629
          0.05287  3.65932  3.65932  1.46634  0.26236  0.88621  0.53140
     36   2.40633  2.86767  0.23979  2.71463     36 - -
          1.38629  1.38629  1.38629  1.38629
          0.05232  3.66963  3.66963  1.46634  0.26236  1.09861  0.40547
     37   2.40633  2.86767  0.23979  2.71463     37 - -
          1.38629  1.38629  1.38629  1.38629
          0.05232  3.66963  3.66963  1.46634  0.26236  1.09861  0.40547
     38   0.73634  2.06896  1.53242  1.72144     38 - -
          1.38629  1.38629  1.38629  1.38629
          0.05232  3.66963  3.66963  1.46634  0.26236  1.09861  0.40547
     39   2.29199  2.12980  2.43176  0.36789     39 - -
          1.38629  1.38629  1.38629  1.38629
          0.05955  3.66963  3.43186  1.46634  0.26236  1.09861  0.40547
     40   2.43721  2.15816  2.50579  0.33485     40 - -
          1.38629  1.38629  1.38629  1.38629
          0.05269  3.66277  3.66277  1.46634  0.26236  0.94654  0.49116
     41   2.45018  2.16757  2.51850  0.33033     41 - -
          1.38629  1.38629  1.38629  1.38629
          0.05232  3.66963  3.66963  1.46634  0.26236  1.09861  0.40547
     42   2.65665  0.27923  2.72979  2.22362     42 - -
          1.38629  1.38629  1.38629  1.38629
          0.05232  3.66963  3.66963  1.46634  0.26236  1.09861  0.40547
     43   2.65665  0.27923  2.72979  2.22362     43 - -
          1.38629  1.38629  1.38629  1.38629
          0.05232  3.66963  3.66963  1.46634  0.26236  1.09861  0.40547
     44   2.45018  2.16757  2.51850  0.33033     44 - -
          1.38629  1.38629  1.38629  1.38629
          0.05232  3.66963  3.66963  1.46634  0.26236  1.09861  0.40547
     45   2.40633  2.86767  0.23979  2.71463     45 - -
          1.38629  1.38629  1.38629  1.38629
          0.05232  3.66963  3.66963  1.46634  0.26236  1.09861  0.40547
     46   0.27712  2.70785  2.32422  2.55753     46 - -
          1.38629  1.38629  1.38629  1.38629
          0.05232  3.66963  3.66963  1.46634  0.26236  1.09861  0.40547
     47   2.40633  2.86767  0.23979  2.71463     47 - -
          1.38629  1.38629  1.38629  1.38629
          0.05232  3.66963  3.66963  1.46634  0.26236  1.09861  0.40547
     48   0.27712  2.70785  2.32422  2.55753     48 - -
          1.38629  1.38629  1.38629  1.38629
          0.05232  3.66963  3.66963  1.46634  0.26236  1.09861  0.40547
     49   2.40633  2.86767  0.23979  2.71463     49 - -
          1.38629  1.38629  1.38629  1.38629
          0.05232  3.66963  3.66963  1.46634  0.26236  1.09861  0.40547
     50   2.45018  2.16757  2.51850  0.33033     50 - -
          1.38629  1.38629  1.38629  1.38629
          0.05232  3.66963  3.66963  1.46634  0.26236  1.09861  0.40547
     51   0.27712  2.70785  2.32422  2.55753     51 - -
          1.38629  1.38629  1.38629  1.38629
          0.05232  3.66963  3.66963  1.46634  0.26236  1.09861  0.40547
     52   2.45018  2.16757  2.51850  0.33033     52 - -
          1.38629  1.38629  1.38629  1.38629
          0.05232  3.66963  3.66963  1.46634  0.26236  1.09861  0.40547
     53   2.40633  2.86767  0.23979  2.71463     53 - -
          1.38629  1.38629  1.38629  1.38629
          0.05232  3.66963  3.66963  1.46634  0.26236  1.09861  0.40547
     54   2.41330  2.07532  2.48191  0.35470     54 - -
          1.38629  1.38629  1.38629  1.38629
          0.05232  3.66963  3.66963  1.46634  0.26236  1.09861  0.40547
     55   2.47178  0.31933  2.61277  2.15762     55 - -
          1.38629  1.38629  1.38629  1.38629
          0.06319  3.66963  3.33130  1.46634  0.26236  1.09861  0.40547
     56   2.43070  2.15343  2.49941  0.33714     56 - -
          1.38629  1.38629  1.38629  1.38629
          0.05287  3.65932  3.65932  1.46634  0.26236  0.88621  0.53140
     57   2.40633  2.86767  0.23979  2.71463     57 - -
          1.38629  1.38629  1.38629  1.38629
          0.05232  3.66963  3.66963  1.46634  0.26236  1.09861  0.40547
     58   2.65665  0.27923  2.72979  2.22362     58 - -
          1.38629  1.38629  1.38629  1.38629
          0.05232  3.66963  3.66963  1.46634  0.26236  1.09861  0.40547
     59   2.45018  2.16757  2.51850  0.33033     59 - -
          1.38629  1.38629  1.38629  1.38629
          0.05232  3.66963  3.66963  1.46634  0.26236  1.09861  0.40547
     60   2.45018  2.16757  2.51850  0.33033     60 - -
          1.38629  1.38629  1.38629  1.38629
          0.05232  3.66963  3.66963  1.46634  0.26236  1.09861  0.40547
     61   2.65665  0.27923  2.72979  2.22362     61 - -
          1.38629  1.38629  1.38629  1.38629
          0.05232  3.66963  3.66963  1.46634  0.26236  1.09861  0.40547
     62   0.27712  2.70785  2.32422  2.55753     62 - -
          1.38629  1.38629  1.38629  1.38629
          0.05232  3.66963  3.66963  1.46634  0.26236  1.09861  0.40547
     63   2.40633  2.86767  0.23979  2.71463     63 - -
          1.38629  1.38629  1.38629  1.38629
          0.05232  3.66963  3.66963  1.46634  0.26236  1.09861  0.40547
     64   2.45018  2.16757  2.51850  0.33033     64 - -
          1.38629  1.38629  1.38629  1.38629
          0.05232  3.66963  3.66963  1.46634  0.26236  1.09861  0.40547
     65   2.40633  2.86767  0.23979  2.71463     65 - -
          1.38629  1.38629  1.38629  1.38629
          0.05232  3.66963  3.66963  1.46634  0.26236  1.09861  0.40547
     66   2.65665  0.27923  2.72979  2.22362     66 - -
          1.38629  1.38629  1.38629  1.38629
          0.05232  3.66963  3.66963  1.46634  0.26236  1.09861  0.40547
     67   2.45018  2.16757  2.51850  0.33033     67 - -
          1.38629  1.38629  1.38629  1.38629
          0.05232  3.66963  3.66963  1.46634  0.26236  1.09861  0.40547
     68   2.45018  2.16757  2.51850  0.33033     68 - -
          1.38629  1.38629  1.38629  1.38629
          0.05232  3.66963  3.66963  1.46634  0.26236  1.09861  0.40547
     69   0.27712  2.70785  2.32422  2.55753     69 - -
          1.38629  1.38629  1.38629  1.38629
          0.05232  3.66963  3.66963  1.46634  0.26236  1.09861  0.40547
     70   2.40633  2.86767  0.23979  2.71463     70 - -
          1.38629  1.38629  1.38629  1.38629
          0.05232  3.66963  3.66963  1.46634  0.26236  1.09861  0.40547
     71   2.65665  0.27923  2.72979  2.22362     71 - -
          1.38629  1.38629  1.38629  1.38629
          0.05232  3.66963  3.66963  1.46634  0.26236  1.09861  0.40547
     72   2.45018  2.16757  2.51850  0.33033     72 - -
          1.38629  1.38629  1.38629  1.38629
          0.05232  3.66963  3.66963  1.46634  0.26236  1.09861  0.40547
     73   2.37347  2.13527  2.38112  0.36214     73 - -
          1.38629  1.38629  1.38629  1.38629
          0.05232  3.66963  3.66963  1.46634  0.26236  1.09861  0.40547
     74   1.85443  1.94998  0.96108  1.14350     74 - -
          1.38629  1.38629  1.38629  1.38629
          0.05232  3.66963  3.66963  1.46634  0.26236  1.09861  0.40547
     75   2.65665  0.27923  2.72979  2.22362     75 - -
          1.38629  1.38629  1.38629  1.38629
          0.05232  3.66963  3.66963  1.46634  0.26236  1.09861  0.40547
     76   2.11077  0.89436  2.18713  1.02792     76 - -
          1.38629  1.38629  1.38629  1.38629
          0.05232  3.66963  3.66963  1.46634  0.26236  1.09861  0.40547
     77   2.41467  0.33342  2.57630  2.13641     77 - -
          1.38629  1.38629  1.38629  1.38629
          0.05232  3.66963  3.66963  1.46634  0.26236  1.09861  0.40547
     78   0.43457  2.26887  1.95671  2.22834     78 - -
          1.38629  1.38629  1.38629  1.38629
          0.06319  3.66963  3.33130  1.46634  0.26236  1.09861  0.40547
     79   0.28365  2.68630  2.30696  2.53481     79 - -
          1.38629  1.38629  1.38629  1.38629
          0.05287  3.65932  3.65932  1.46634  0.26236  1.22454  0.34799
     80   2.20336  0.63280  2.27952  1.36206     80 - -
          1.38629  1.38629  1.38629  1.38629
          0.05287  3.65932  3.65932  1.46634  0.26236  0.88621  0.53140
     81   2.35982  0.46234  2.43474  1.67061     81 - -
          1.38629  1.38629  1.38629  1.38629
          0.05232  3.66963  3.66963  1.46634  0.26236  1.09861  0.40547
     82   2.04251  2.06647  2.29439  0.44186     82 - -
          1.38629  1.38629  1.38629  1.38629
          0.05232  3.66963  3.66963  1.46634  0.26236  1.09861  0.40547
     83   2.41638  2.08283  2.48495  0.35261     83 - -
          1.38629  1.38629  1.38629  1.38629
          0.05232  3.66963  3.66963  1.46634  0.26236  1.09861  0.40547
     84   2.40633  2.86767  0.23979  2.71463     84 - -
          1.38629  1.38629  1.38629  1.38629
          0.05232  3.66963  3.66963  1.46634  0.26236  1.09861  0.40547
     85   2.65665  0.27923  2.72979  2.22362     85 - -
          1.38629  1.38629  1.38629  1.38629
          0.13393  3.66963  2.30397  1.46634  0.26236  1.09861  0.40547
     86   0.71317  2.20541  1.30659  2.04822     86 - -
          1.38629  1.38629  1.38629  1.38629
          0.20887  3.59235  1.82655  1.46634  0.26236  1.77805  0.18509
     87   0.66215  1.81664  1.82122  1.83347     87 - -
          1.38629  1.38629  1.38629  1.38629
          0.10730  3.44913  2.65974  1.46634  0.26236  0.20554  1.68311
     88   0.63518  2.27012  1.40139  2.11522     88 - -
          1.38629  1.38629  1.38629  1.38629
          0.05402  3.63852  3.63852  1.46634  0.26236  0.64618  0.74243
     89   0.94564  2.23139  0.97105  2.07541     89 - -
          1.38629  1.38629  1.38629  1.38629
          0.05232  3.66963  3.66963  1.46634  0.26236  1.09861  0.40547
     90   1.85066  0.93003  1.46582  1.52585     90 - -
          1.38629  1.38629  1.38629  1.38629
          0.05232  3.66963  3.66963  1.46634  0.26236  1.09861  0.40547
     91   0.57149  1.78609  2.02935  1.99305     91 - -
          1.27553  1.45277  1.45277  1.37487
          0.15892  2.48368  2.75678  0.62131  0.77055  1.09861  0.40547
     92   0.94551  2.20162  0.99036  2.04445     94 - -
          1.38629  1.38629  1.38629  1.38629
          0.08493  3.63088  2.90177  1.46634  0.26236  0.58931  0.80902
     93   0.93571  1.87675  1.31717  1.67818     95 - -
          1.38629  1.38629  1.38629  1.38629
          0.05383  3.64190  3.64190  1.46634  0.26236  0.67532  0.71129
     94   1.92425  1.42323  1.77952  0.81112     96 - -
          1.38629  1.38629  1.38629  1.38629
          0.05232  3.66963  3.66963  1.46634  0.26236  1.09861  0.40547
     95   1.87253  1.80687  2.14939  0.56997     97 - -
          1.38629  1.38629  1.38629  1.38629
          0.05232  3.66963  3.66963  1.46634  0.26236  1.09861  0.40547
     96   2.00236  1.65614  1.85595  0.65816     98 - -
          1.38629  1.38629  1.38629  1.38629
          0.05232  3.66963  3.66963  1.46634  0.26236  1.09861  0.40547
     97   2.36003  1.94799  2.42946  0.39313     99 - -
          1.38629  1.38629  1.38629  1.38629
          0.05232  3.66963  3.66963  1.46634  0.26236  1.09861  0.40547
     98   1.57412  1.62849  1.05233  1.39650    100 - -
          1.38629  1.38629  1.38629  1.38629
          0.05232  3.66963  3.66963  1.46634  0.26236  1.09861  0.40547
     99   2.10073  1.96377  2.29874  0.45111    101 - -
          1.58080  1.32083  1.54669  1.15733
          0.31452  1.40906  3.66963  0.19693  1.72175  1.09861  0.40547
    100   1.75278  1.90129  1.60726  0.74045    103 - -
          1.38629  1.38629  1.38629  1.38629
          0.05232  3.66963  3.66963  1.46634  0.26236  1.09861  0.40547
    101   2.45018  2.16757  2.51850  0.33033    104 - -
          1.38629  1.38629  1.38629  1.38629
          0.09233  3.66963  2.76926  1.46634  0.26236  1.09861  0.40547
    102   1.89467  1.03126  1.79740  1.11674    105 - -
          1.38629  1.38629  1.38629  1.38629
          0.05440  3.63170  3.63170  1.46634  0.26236  0.59489  0.80212
    103   1.81079  1.69149  1.23553  1.01735    106 - -
          1.38629  1.38629  1.38629  1.38629
          0.05232  3.66963  3.66963  1.46634  0.26236  1.09861  0.40547
    104   1.79258  1.20438  1.14903  1.52948    107 - -
          1.38629  1.38629  1.38629  1.38629
          0.05232  3.66963  3.66963  1.46634  0.26236  1.09861  0.40547
    105   2.09856  1.04131  2.17455  0.88986    108 - -
          1.38629  1.38629  1.38629  1.38629
          0.22457  3.66963  1.73926  1.46634  0.26236  1.09861  0.40547
    106   1.82610  0.99875  1.73483  1.22352    109 - -
          1.38629  1.38629  1.38629  1.38629
          0.06185  3.50692  3.50692  1.46634  0.26236  0.25479  1.49202
    107   2.23208  1.63491  2.30417  0.51436    110 - -
          1.38629  1.38629  1.38629  1.38629
          0.05232  3.66963  3.66963  1.46634  0.26236  1.09861  0.40547
    108   2.45018  2.16757  2.51850  0.33033    111 - -
          1.38629  1.38629  1.38629  1.38629
          0.05232  3.66963  3.66963  1.46634  0.26236  1.09861  0.40547
    109   2.40633  2.86767  0.23979  2.71463    112 - -
          1.38629  1.38629  1.38629  1.38629
          0.05232  3.66963  3.66963  1.46634  0.26236  1.09861  0.40547
    110   2.55972  0.32739  2.63306  2.04014    113 - -
          1.38629  1.38629  1.38629  1.38629
          0.05232  3.66963  3.66963  1.46634  0.26236  1.09861  0.40547
    111   2.40633  2.86767  0.23979  2.71463    114 - -
          1.38629  1.38629  1.38629  1.38629
          0.05232  3.66963  3.66963  1.46634  0.26236  1.09861  0.40547
    112   2.16221  0.72325  2.23856  1.22709    115 - -
          1.38629  1.38629  1.38629  1.38629
          0.05232  3.66963  3.66963  1.46634  0.26236  1.09861  0.40547
    113   2.14479  1.36713  2.21902  0.65517    116 - -
          1.38629  1.38629  1.38629  1.38629
          0.05232  3.66963  3.66963  1.46634  0.26236  1.09861  0.40547
    114   2.50029  0.36131  2.57404  1.93139    117 - -
          1.38629  1.38629  1.38629  1.38629
          0.05232  3.66963  3.66963  1.46634  0.26236  1.09861  0.40547
    115   2.08297  0.62291  1.96955  1.61176    118 - -
          1.38629  1.38629  1.38629  1.38629
          0.06319  3.66963  3.33130  1.46634  0.26236  1.09861  0.40547
    116   2.43070  2.15343  2.49941  0.33714    119 - -
          1.38629  1.38629  1.38629  1.38629
          0.05287  3.65932  3.65932  1.46634  0.26236  0.88621  0.53140
    117   0.63780  2.29057  1.37713  2.13676    120 - -
          1.38629  1.38629  1.38629  1.38629
          0.05232  3.66963  3.66963  1.46634  0.26236  1.09861  0.40547
    118   2.30396  1.81471  2.37448  0.43976    121 - -
          1.38629  1.38629  1.38629  1.38629
          0.05232  3.66963  3.66963  1.46634  0.26236  1.09861  0.40547
    119   2.40633  2.86767  0.23979  2.71463    122 - -
          1.38629  1.38629  1.38629  1.38629
          0.05232  3.66963  3.66963  1.46634  0.26236  1.09861  0.40547
    120   0.35650  2.55996  2.01831  2.41140    123 - -
          1.38629  1.38629  1.38629  1.38629
          0.05232  3.66963  3.66963  1.46634  0.26236  1.09861  0.40547
    121   2.40633  2.86767  0.23979  2.71463    124 - -
          1.38629  1.38629  1.38629  1.38629
          0.05232  3.66963  3.66963  1.46634  0.26236  1.09861  0.40547
    122   2.65665  0.27923  2.72979  2.22362    125 - -
          1.38629  1.38629  1.38629  1.38629
          0.05232  3.66963  3.66963  1.46634  0.26236  1.09861  0.40547
    123   2.65665  0.27923  2.72979  2.22362    126 - -
          1.38629  1.38629  1.38629  1.38629
          0.05232  3.66963  3.66963  1.46634  0.26236  1.09861  0.40547
    124   0.27712  2.70785  2.32422  2.55753    127 - -
          1.38629  1.38629  1.38629  1.38629
          0.05232  3.66963  3.66963  1.46634  0.26236  1.09861  0.40547
    125   2.45018  2.16757  2.51850  0.33033    128 - -
          1.38629  1.38629  1.38629  1.38629
          0.05232  3.66963  3.66963  1.46634  0.26236  1.09861  0.40547
    126   2.40228  2.04863  2.47103  0.36229    129 - -
          1.38629  1.38629  1.38629  1.38629
          0.05232  3.66963  3.66963  1.46634  0.26236  1.09861  0.40547
    127   2.16281  2.44980  0.39741  2.06648    130 - -
          1.39459  1.39459  1.36182  1.39459
          0.09528  3.38209  2.86639  1.14527  0.38293  1.09861  0.40547
    128   0.62119  2.19810  1.48351  2.08071    132 - -
          1.38629  1.38629  1.38629  1.38629
          0.05406  3.63771  3.63771  1.46634  0.26236  0.63961  0.74971
    129   1.50553  1.07393  1.69739  1.37328    133 - -
          1.38629  1.38629  1.38629  1.38629
          0.05232  3.66963  3.66963  1.46634  0.26236  1.09861  0.40547
    130   1.15932  1.67374  1.62964  1.19483    134 - -
          1.38629  1.38629  1.38629  1.38629
          0.05232  3.66963  3.66963  1.46634  0.26236  1.09861  0.40547
    131   1.04317  1.81077  1.42021  1.41686    135 - -
          1.38629  1.38629  1.38629  1.38629
          0.05932  3.66963  3.43864  1.46634  0.26236  1.09861  0.40547
    132   1.97982  1.55474  1.85938  0.70342    136 - -
          1.38629  1.38629  1.38629  1.38629
          0.05267  3.66299  3.66299  1.46634  0.26236  0.95069  0.48853
    133   2.19772  0.65406  2.27389  1.32388    137 - -
          1.38629  1.38629  1.38629  1.38629
          0.10730  3.66963  2.57364  1.46634  0.26236  1.09861  0.40547
    134   1.06144  1.86153  1.68502  1.16102    138 - -
          1.38629  1.38629  1.38629  1.38629
          0.26016  3.61753  1.59839  1.46634  0.26236  1.60787  0.22354
    135   1.60033  1.49005  1.84125  0.88143    139 - -
          1.38629  1.38629  1.38629  1.38629
          0.06733  3.42470  3.42470  1.46634  0.26236  0.32923  1.27109
    136   1.00347  2.05889  1.03793  1.88641    140 - -
          1.39590  1.39590  1.35803  1.39590
          0.06484  3.31137  3.63771  1.10811  0.40075  0.63961  0.74971
    137   1.67634  1.71534  0.79109  1.71653    142 - -
          1.38629  1.38629  1.38629  1.38629
          0.05232  3.66963  3.66963  1.46634  0.26236  1.09861  0.40547
    138   2.09907  1.07325  2.17494  0.86295    143 - -
          1.38629  1.38629  1.38629  1.38629
          0.05232  3.66963  3.66963  1.46634  0.26236  1.09861  0.40547
    139   2.12912  0.43850  2.37136  1.94702    144 - -
          1.38629  1.38629  1.38629  1.38629
          0.05232  3.66963  3.66963  1.46634  0.26236  1.09861  0.40547
    140   0.68404  1.92611  1.72835  1.75949    145 - -
          1.38629  1.38629  1.38629  1.38629
          0.05978  3.66963  3.42532  1.46634  0.26236  1.09861  0.40547
    141   0.37295  2.52968  1.97262  2.38032    146 - -
          1.38629  1.38629  1.38629  1.38629
          0.05270  3.66256  3.66256  1.46634  0.26236  0.94254  0.49370
    142   2.45018  2.16757  2.51850  0.33033    147 - -
          1.38629  1.38629  1.38629  1.38629
          0.05232  3.66963  3.66963  1.46634  0.26236  1.09861  0.40547
    143   2.40633  2.86767  0.23979  2.71463    148 - -
          1.38629  1.38629  1.38629  1.38629
          0.05232  3.66963  3.66963  1.46634  0.26236  1.09861  0.40547
    144   2.40633  2.86767  0.23979  2.71463    149 - -
          1.38629  1.38629  1.38629  1.38629
          0.05232  3.66963  3.66963  1.46634  0.26236  1.09861  0.40547
    145   2.65665  0.27923  2.72979  2.22362    150 - -
          1.38629  1.38629  1.38629  1.38629
          0.05232  3.66963  3.66963  1.46634  0.26236  1.09861  0.40547
    146   2.45018  2.16757  2.51850  0.33033    151 - -
          1.38629  1.38629  1.38629  1.38629
          0.05232  3.66963  3.66963  1.46634  0.26236  1.09861  0.40547
    147   2.24859  1.67786  2.32031  0.49522    152 - -
          1.38629  1.38629  1.38629  1.38629
          0.05232  3.66963  3.66963  1.46634  0.26236  1.09861  0.40547
    148   1.44763  2.36349  0.57815  2.20865    153 - -
          1.38629  1.38629  1.38629  1.38629
          0.05232  3.66963  3.66963  1.46634  0.26236  1.09861  0.40547
    149   2.41658  2.08332  2.48515  0.35248    154 - -
          1.38629  1.38629  1.38629  1.38629
          0.05232  3.66963  3.66963  1.46634  0.26236  1.09861  0.40547
    150   2.45018  2.16757  2.51850  0.33033    155 - -
          1.38629  1.38629  1.38629  1.38629
          0.05232  3.66963  3.66963  1.46634  0.26236  1.09861  0.40547
    151   1.96665  2.51731  0.37184  2.40866    156 - -
          1.38629  1.38629  1.38629  1.38629
          0.05232  3.66963  3.66963  1.46634  0.26236  1.09861  0.40547
    152   0.27712  2.70785  2.32422  2.55753    157 - -
          1.38629  1.38629  1.38629  1.38629
          0.05232  3.66963  3.66963  1.46634  0.26236  1.09861  0.40547
    153   1.03916  1.26743  1.68086  1.72327    158 - -
          1.38629  1.38629  1.38629  1.38629
          0.05232  3.66963  3.66963  1.46634  0.26236  1.09861  0.40547
    154   2.13322  1.32009  2.20777  0.68421    159 - -
          1.38629  1.38629  1.38629  1.38629
          0.06319  3.66963  3.33130  1.46634  0.26236  1.09861  0.40547
    155   0.94165  1.73460  1.30658  1.81522    160 - -
          1.38629  1.38629  1.38629  1.38629
          0.05287  3.65932  3.65932  1.46634  0.26236  1.22454  0.34799
    156   0.53498  2.26408  1.73555  2.00925    161 - -
          1.38629  1.38629  1.38629  1.38629
          0.19987  3.65932  1.86166  1.46634  0.26236  0.88621  0.53140
    157   1.90689  0.95987  1.89824  1.14356    162 - -
          1.38629  1.38629  1.38629  1.38629
          0.06026  3.53229  3.53229  1.46634  0.26236  0.28621  1.39072
    158   2.10510  1.15764  2.18059  0.79637    163 - -
          1.38629  1.38629  1.38629  1.38629
          0.05232  3.66963  3.66963  1.46634  0.26236  1.09861  0.40547
    159   1.72490  1.52787  1.22558  1.16724    164 - -
          1.38629  1.38629  1.38629  1.38629
          0.05232  3.66963  3.66963  1.46634  0.26236  1.09861  0.40547
    160   1.94599  2.39410  0.44389  2.08458    165 - -
          1.38629  1.38629  1.38629  1.38629
          0.05232  3.66963  3.66963  1.46634  0.26236  1.09861  0.40547
    161   1.87585  1.91145  1.30027  0.85226    166 - -
          1.38629  1.38629  1.38629  1.38629
          0.05232  3.66963  3.66963  1.46634  0.26236  1.09861  0.40547
    162   1.81110  1.93609  1.78584  0.64511    167 - -
          1.38629  1.38629  1.38629  1.38629
          0.05232  3.66963  3.66963  1.46634  0.26236  1.09861  0.40547
    163   2.08297  0.62291  1.96955  1.61176    168 - -
          1.38629  1.38629  1.38629  1.38629
          0.05232  3.66963  3.66963  1.46634  0.26236  1.09861  0.40547
    164   2.10510  1.15764  2.18059  0.79637    169 - -
          1.38629  1.38629  1.38629  1.38629
          0.05232  3.66963  3.66963  1.46634  0.26236  1.09861  0.40547
    165   2.45018  2.16757  2.51850  0.33033    170 - -
          1.38629  1.38629  1.38629  1.38629
          0.05232  3.66963  3.66963  1.46634  0.26236  1.09861  0.40547
    166   2.40633  2.86767  0.23979  2.71463    171 - -
          1.38629  1.38629  1.38629  1.38629
          0.05232  3.66963  3.66963  1.46634  0.26236  1.09861  0.40547
    167   2.65665  0.27923  2.72979  2.22362    172 - -
          1.38629  1.38629  1.38629  1.38629
          0.05232  3.66963  3.66963  1.46634  0.26236  1.09861  0.40547
    168   0.43111  2.45670  1.80242  2.30666    173 - -
          1.38629  1.38629  1.38629  1.38629
          0.05232  3.66963  3.66963  1.46634  0.26236  1.09861  0.40547
    169   0.39247  2.42507  2.18022  2.09454    174 - -
          1.38629  1.38629  1.38629  1.38629
          0.05232  3.66963  3.66963  1.46634  0.26236  1.09861  0.40547
    170   0.27712  2.70785  2.32422  2.55753    175 - -
          0.95698  1.66742  1.53979  1.54744
          0.45693  1.87198  1.54668  1.48414  0.25708  1.09861  0.40547
    171   0.45511  2.27822  1.94941  2.11361    181 - -
          1.38629  1.38629  1.38629  1.38629
          0.06479  3.46203  3.46203  1.46634  0.26236  0.24618  1.52225
    172   2.39348  2.85218  0.24379  2.69833    182 - -
          1.38629  1.38629  1.38629  1.38629
          0.05267  3.66299  3.66299  1.46634  0.26236  0.95069  0.48853
    173   2.50299  0.35967  2.57672  1.93632    183 - -
          1.38629  1.38629  1.38629  1.38629
          0.05232  3.66963  3.66963  1.46634  0.26236  1.09861  0.40547
    174   2.45018  2.16757  2.51850  0.33033    184 - -
          1.38629  1.38629  1.38629  1.38629
          0.05232  3.66963  3.66963  1.46634  0.26236  1.09861  0.40547
    175   2.45018  2.16757  2.51850  0.33033    185 - -
          1.38629  1.38629  1.38629  1.38629
          0.05232  3.66963  3.66963  1.46634  0.26236  1.09861  0.40547
    176   2.34811  2.12427  2.33584  0.37367    186 - -
          1.38629  1.38629  1.38629  1.38629
          0.05232  3.66963  3.66963  1.46634  0.26236  1.09861  0.40547
    177   2.40633  2.86767  0.23979  2.71463    187 - -
          1.38629  1.38629  1.38629  1.38629
          0.05232  3.66963  3.66963  1.46634  0.26236  1.09861  0.40547
    178   2.65665  0.27923  2.72979  2.22362    188 - -
          1.38629  1.38629  1.38629  1.38629
          0.05232  3.66963  3.66963  1.46634  0.26236  1.09861  0.40547
    179   2.40633  2.86767  0.23979  2.71463    189 - -
          1.38629  1.38629  1.38629  1.38629
          0.05232  3.66963  3.66963  1.46634  0.26236  1.09861  0.40547
    180   2.65665  0.27923  2.72979  2.22362    190 - -
          1.38629  1.38629  1.38629  1.38629
          0.05232  3.66963  3.66963  1.46634  0.26236  1.09861  0.40547
    181   2.27665  2.63747  0.31369  2.35301    191 - -
          1.38629  1.38629  1.38629  1.38629
          0.05232  3.66963  3.66963  1.46634  0.26236  1.09861  0.40547
    182   2.34888  0.35076  2.53421  2.11158    192 - -
          1.38629  1.38629  1.38629  1.38629
          0.05232  3.66963  3.66963  1.46634  0.26236  1.09861  0.40547
    183   2.45018  2.16757  2.51850  0.33033    193 - -
          1.38629  1.38629  1.38629  1.38629
          0.05232  3.66963  3.66963  1.46634  0.26236  1.09861  0.40547
    184   1.73302  2.29687  0.52960  2.01112    194 - -
          1.38629  1.38629  1.38629  1.38629
          0.05232  3.66963  3.66963  1.46634  0.26236  1.09861  0.40547
    185   2.16598  1.44239  2.23966  0.61156    195 - -
          1.38629  1.38629  1.38629  1.38629
          0.05232  3.66963  3.66963  1.46634  0.26236  1.09861  0.40547
    186   2.45018  2.16757  2.51850  0.33033    196 - -
          1.38629  1.38629  1.38629  1.38629
          0.05232  3.66963  3.66963  1.46634  0.26236  1.09861  0.40547
    187   1.14640  2.26092  0.78502  2.10491    197 - -
          1.38629  1.38629  1.38629  1.38629
          0.05232  3.66963  3.66963  1.46634  0.26236  1.09861  0.40547
    188   2.45018  2.16757  2.51850  0.33033    198 - -
          1.38629  1.38629  1.38629  1.38629
          0.05232  3.66963  3.66963  1.46634  0.26236  1.09861  0.40547
    189   2.38906  2.01692  2.45800  0.37162    199 - -
          1.38629  1.38629  1.38629  1.38629
          0.05232  3.66963  3.66963  1.46634  0.26236  1.09861  0.40547
    190   2.65665  0.27923  2.72979  2.22362    200 - -
          1.38629  1.38629  1.38629  1.38629
          0.05232  3.66963  3.66963  1.46634  0.26236  1.09861  0.40547
    191   0.35035  2.56988  2.03855  2.42139    201 - -
          1.38629  1.38629  1.38629  1.38629
          0.05232  3.66963  3.66963  1.46634  0.26236  1.09861  0.40547
    192   0.27712  2.70785  2.32422  2.55753    202 - -
          1.38629  1.38629  1.38629  1.38629
          0.05232  3.66963  3.66963  1.46634  0.26236  1.09861  0.40547
    193   2.40633  2.86767  0.23979  2.71463    203 - -
          1.50487  1.38654  1.50487  1.18428
          0.45693  1.87198  1.54668  0.30372  1.33966  1.09861  0.40547
    194   0.63255  2.03732  1.84812  1.71008    205 - -
          1.38629  1.38629  1.38629  1.38629
          0.06479  3.46203  3.46203  1.46634  0.26236  2.33755  0.10155
    195   1.51981  1.58218  1.84176  0.87423    206 - -
          1.42950  1.55681  1.55681  1.08188
          0.35097  1.32943  3.46203  0.22223  1.61311  2.33755  0.10155
    196   1.50456  1.23925  1.24432  1.60869    208 - -
          1.38629  1.38629  1.38629  1.38629
          0.06479  3.46203  3.46203  1.46634  0.26236  2.33755  0.10155
    197   1.94504  0.92332  2.01972  1.11741    209 - -
          1.38629  1.38629  1.38629  1.38629
          0.06479  3.46203  3.46203  1.46634  0.26236  0.21459  1.64440
    198   1.16926  1.14347  1.71468  1.65722    210 - -
          1.38629  1.38629  1.38629  1.38629
          0.05232  3.66963  3.66963  1.46634  0.26236  1.09861  0.40547
    199   2.09880  1.02043  2.17486  0.90799    211 - -
          1.38629  1.38629  1.38629  1.38629
          0.06319  3.66963  3.33130  1.46634  0.26236  1.09861  0.40547
    200   2.09004  1.04390  2.16610  0.89254    212 - -
          1.38629  1.38629  1.38629  1.38629
          0.05287  3.65932  3.65932  1.46634  0.26236  1.22454  0.34799
    201   2.11020  1.25484  2.18526  0.73144    213 - -
          1.38629  1.38629  1.38629  1.38629
          0.24498  3.65932  1.65272  1.46634  0.26236  0.88621  0.53140
    202   2.01500  1.80821  2.01927  0.56215    214 - -
          1.38629  1.38629  1.38629  1.38629
          0.06291  3.49042  3.49042  1.46634  0.26236  0.27710  1.41872
    203   1.53407  1.72441  1.70583  0.85697    215 - -
          1.38629  1.38629  1.38629  1.38629
          0.05271  3.66236  3.66236  1.46634  0.26236  0.93899  0.49598
    204   1.43853  1.03808  1.58231  1.59411    216 - -
          1.38629  1.38629  1.38629  1.38629
          0.05232  3.66963  3.66963  1.46634  0.26236  1.09861  0.40547
    205   1.13233  1.82842  1.58518  1.16430    217 - -
          1.38629  1.38629  1.38629  1.38629
          0.25956  3.66963  1.59396  1.46634  0.26236  1.09861  0.40547
    206   1.64828  1.71309  0.77456  1.79332    218 - -
          1.38629  1.38629  1.38629  1.38629
          0.06399  3.47406  3.47406  1.46634  0.26236  2.29957  0.10570
    207   1.59295  1.76929  1.34734  1.00433    219 - -
          1.38629  1.38629  1.38629  1.38629
          0.06399  3.47406  3.47406  1.46634  0.26236  0.22390  1.60643
    208   2.11276  2.70755  0.30811  2.55664    220 - -
          1.38629  1.38629  1.38629  1.38629
          0.05232  3.66963  3.66963  1.46634  0.26236  1.09861  0.40547
    209   1.78534  1.18505  1.30565  1.36441    221 - -
          1.38629  1.38629  1.38629  1.38629
          0.05232  3.66963  3.66963  1.46634  0.26236  1.09861  0.40547
    210   2.45018  2.16757  2.51850  0.33033    222 - -
          1.38629  1.38629  1.38629  1.38629
          0.31452  3.66963  1.40906  1.46634  0.26236  1.09861  0.40547
    211   1.07823  1.42433  1.72261  1.42489    223 - -
          1.51768  1.59088  1.46356  1.06240
          0.34595  1.34774  3.42260  0.43460  1.04276  2.45002  0.09024
    212   1.33402  1.73549  1.52675  1.06994    226 - -
          1.38629  1.38629  1.38629  1.38629
          0.06748  3.42260  3.42260  1.46634  0.26236  1.64678  0.21402
    213   1.70961  2.12910  0.60480  1.87122    227 - -
          1.38629  1.38629  1.38629  1.38629
          0.06479  3.46203  3.46203  1.46634  0.26236  2.33755  0.10155
    214   2.17630  0.48064  2.24904  1.81616    228 - -
          1.38629  1.38629  1.38629  1.38629
          0.06479  3.46203  3.46203  1.46634  0.26236  0.21459  1.64440
    215   2.34173  1.90469  2.41149  0.40753    229 - -
          1.38629  1.38629  1.38629  1.38629
          0.05232  3.66963  3.66963  1.46634  0.26236  1.09861  0.40547
    216   2.45018  2.16757  2.51850  0.33033    230 - -
          1.38629  1.38629  1.38629  1.38629
          0.05232  3.66963  3.66963  1.46634  0.26236  1.09861  0.40547
    217   2.40633  2.86767  0.23979  2.71463    231 - -
          1.38629  1.38629  1.38629  1.38629
          0.05232  3.66963  3.66963  1.46634  0.26236  1.09861  0.40547
    218   0.27712  2.70785  2.32422  2.55753    232 - -
          1.38629  1.38629  1.38629  1.38629
          0.05232  3.66963  3.66963  1.46634  0.26236  1.09861  0.40547
    219   2.40633  2.86767  0.23979  2.71463    233 - -
          1.38629  1.38629  1.38629  1.38629
          0.05232  3.66963  3.66963  1.46634  0.26236  1.09861  0.40547
    220   2.45018  2.16757  2.51850  0.33033    234 - -
          1.38629  1.38629  1.38629  1.38629
          0.05232  3.66963  3.66963  1.46634  0.26236  1.09861  0.40547
    221   2.40633  2.86767  0.23979  2.71463    235 - -
          1.38629  1.38629  1.38629  1.38629
          0.05232  3.66963  3.66963  1.46634  0.26236  1.09861  0.40547
    222   0.27712  2.70785  2.32422  2.55753    236 - -
          1.38629  1.38629  1.38629  1.38629
          0.05232  3.66963  3.66963  1.46634  0.26236  1.09861  0.40547
    223   2.65665  0.27923  2.72979  2.22362    237 - -
          1.38629  1.38629  1.38629  1.38629
          0.05232  3.66963  3.66963  1.46634  0.26236  1.09861  0.40547
    224   2.40633  2.86767  0.23979  2.71463    238 - -
          1.38629  1.38629  1.38629  1.38629
          0.05232  3.66963  3.66963  1.46634  0.26236  1.09861  0.40547
    225   2.65665  0.27923  2.72979  2.22362    239 - -
          1.38629  1.38629  1.38629  1.38629
          0.05232  3.66963  3.66963  1.46634  0.26236  1.09861  0.40547
    226   2.45018  2.16757  2.51850  0.33033    240 - -
          1.38629  1.38629  1.38629  1.38629
          0.05232  3.66963  3.66963  1.46634  0.26236  1.09861  0.40547
    227   2.40633  2.86767  0.23979  2.71463    241 - -
          1.38629  1.38629  1.38629  1.38629
          0.05232  3.66963  3.66963  1.46634  0.26236  1.09861  0.40547
    228   2.65665  0.27923  2.72979  2.22362    242 - -
          1.38629  1.38629  1.38629  1.38629
          0.05232  3.66963  3.66963  1.46634  0.26236  1.09861  0.40547
    229   2.45018  2.16757  2.51850  0.33033    243 - -
          1.38629  1.38629  1.38629  1.38629
          0.05232  3.66963  3.66963  1.46634  0.26236  1.09861  0.40547
    230   1.74714  0.97351  1.82358  1.24993    244 - -
          1.38629  1.38629  1.38629  1.38629
          0.05232  3.66963  3.66963  1.46634  0.26236  1.09861  0.40547
    231   0.59452  2.15854  1.80887  1.77880    245 - -
          1.38629  1.38629  1.38629  1.38629
          0.05232  3.66963  3.66963  1.46634  0.26236  1.09861  0.40547
    232   2.14786  1.37875  2.22201  0.64821    246 - -
          1.38629  1.38629  1.38629  1.38629
          0.05232  3.66963  3.66963  1.46634  0.26236  1.09861  0.40547
    233   2.40633  2.86767  0.23979  2.71463    247 - -
          1.38629  1.38629  1.38629  1.38629
          0.05232  3.66963  3.66963  1.46634  0.26236  1.09861  0.40547
    234   2.65665  0.27923  2.72979  2.22362    248 - -
          1.38629  1.38629  1.38629  1.38629
          0.05232  3.66963  3.66963  1.46634  0.26236  1.09861  0.40547
    235   2.45018  2.16757  2.51850  0.33033    249 - -
          1.38629  1.38629  1.38629  1.38629
          0.05232  3.66963  3.66963  1.46634  0.26236  1.09861  0.40547
    236   2.45018  2.16757  2.51850  0.33033    250 - -
          1.38629  1.38629  1.38629  1.38629
          0.05232  3.66963  3.66963  1.46634  0.26236  1.09861  0.40547
    237   2.40633  2.86767  0.23979  2.71463    251 - -
          1.38629  1.38629  1.38629  1.38629
          0.05232  3.66963  3.66963  1.46634  0.26236  1.09861  0.40547
    238   2.65665  0.27923  2.72979  2.22362    252 - -
          1.38629  1.38629  1.38629  1.38629
          0.05232  3.66963  3.66963  1.46634  0.26236  1.09861  0.40547
    239   0.27712  2.70785  2.32422  2.55753    253 - -
          1.38629  1.38629  1.38629  1.38629
          0.05232  3.66963  3.66963  1.46634  0.26236  1.09861  0.40547
    240   0.41652  2.47460  1.84091  2.32488    254 - -
          1.38629  1.38629  1.38629  1.38629
          0.05232  3.66963  3.66963  1.46634  0.26236  1.09861  0.40547
    241   2.50029  0.36131  2.57404  1.93139    255 - -
          1.38629  1.38629  1.38629  1.38629
          0.05232  3.66963  3.66963  1.46634  0.26236  1.09861  0.40547
    242   2.10510  1.15764  2.18059  0.79637    256 - -
          1.38629  1.38629  1.38629  1.38629
          0.05232  3.66963  3.66963  1.46634  0.26236  1.09861  0.40547
    243   2.40633  2.86767  0.23979  2.71463    257 - -
          1.38629  1.38629  1.38629  1.38629
          0.05232  3.66963  3.66963  1.46634  0.26236  1.09861  0.40547
    244   2.65665  0.27923  2.72979  2.22362    258 - -
          1.38629  1.38629  1.38629  1.38629
          0.06319  3.66963  3.33130  1.46634  0.26236  1.09861  0.40547
    245   2.06906  0.70266  2.19171  1.32162    259 - -
          1.38629  1.38629  1.38629  1.38629
          0.05287  3.65932  3.65932  1.46634  0.26236  1.22454  0.34799
    246   1.59563  2.42080  0.50306  2.26636    260 - -
          1.38629  1.38629  1.38629  1.38629
          0.05287  3.65932  3.65932  1.46634  0.26236  0.88621  0.53140
    247   2.40633  2.86767  0.23979  2.71463    261 - -
          1.38629  1.38629  1.38629  1.38629
          0.05232  3.66963  3.66963  1.46634  0.26236  1.09861  0.40547
    248   2.20803  2.76065  0.28332  2.60971    262 - -
          1.38629  1.38629  1.38629  1.38629
          0.05232  3.66963  3.66963  1.46634  0.26236  1.09861  0.40547
    249   1.30903  1.51073  1.09658  1.74206    263 - -
          1.38629  1.38629  1.38629  1.38629
          0.05232  3.66963  3.66963  1.46634  0.26236  1.09861  0.40547
    250   2.38814  2.01471  2.45709  0.37229    264 - -
          1.38629  1.38629  1.38629  1.38629
          0.05232  3.66963  3.66963  1.46634  0.26236  1.09861  0.40547
    251   2.40633  2.86767  0.23979  2.71463    265 - -
          1.38629  1.38629  1.38629  1.38629
          0.05232  3.66963  3.66963  1.46634  0.26236  1.09861  0.40547
    252   2.65665  0.27923  2.72979  2.22362    266 - -
          1.38629  1.38629  1.38629  1.38629
          0.05232  3.66963  3.66963  1.46634  0.26236  1.09861  0.40547
    253   2.17175  1.46122  2.24528  0.60117    267 - -
          1.45198  1.45198  1.32466  1.32466
          0.08946  2.81192  3.66963  0.99883  0.45936  1.09861  0.40547
    254   1.37092  1.94866  0.77489  1.94556    270 - -
          1.38629  1.38629  1.38629  1.38629
          0.05232  3.66963  3.66963  1.46634  0.26236  1.09861  0.40547
    255   0.97533  1.93105  1.11233  1.90283    271 - -
          1.38629  1.38629  1.38629  1.38629
          0.05232  3.66963  3.66963  1.46634  0.26236  1.09861  0.40547
    256   1.78452  1.08570  2.00887  1.02077    272 - -
          1.38629  1.38629  1.38629  1.38629
          0.05232  3.66963  3.66963  1.46634  0.26236  1.09861  0.40547
    257   2.40633  2.86767  0.23979  2.71463    273 - -
          1.38629  1.38629  1.38629  1.38629
          0.05232  3.66963  3.66963  1.46634  0.26236  1.09861  0.40547
    258   2.65665  0.27923  2.72979  2.22362    274 - -
          1.38629  1.38629  1.38629  1.38629
          0.05232  3.66963  3.66963  1.46634  0.26236  1.09861  0.40547
    259   0.27712  2.70785  2.32422  2.55753    275 - -
          1.38629  1.38629  1.38629  1.38629
          0.05232  3.66963  3.66963  1.46634  0.26236  1.09861  0.40547
    260   2.09897  1.01371  2.17506  0.91393    276 - -
          1.38629  1.38629  1.38629  1.38629
          0.05232  3.66963  3.66963  1.46634  0.26236  1.09861  0.40547
    261   1.09634  2.24997  0.82714  2.09390    277 - -
          1.38629  1.38629  1.38629  1.38629
          0.05232  3.66963  3.66963  1.46634  0.26236  1.09861  0.40547
    262   1.65490  0.95326  1.96898  1.25946    278 - -
          1.38629  1.38629  1.38629  1.38629
          0.05232  3.66963  3.66963  1.46634  0.26236  1.09861  0.40547
    263   2.65665  0.27923  2.72979  2.22362    279 - -
          1.38629  1.38629  1.38629  1.38629
          0.05232  3.66963  3.66963  1.46634  0.26236  1.09861  0.40547
    264   2.45018  2.16757  2.51850  0.33033    280 - -
          1.38629  1.38629  1.38629  1.38629
          0.05232  3.66963  3.66963  1.46634  0.26236  1.09861  0.40547
    265   2.53903  0.31856  2.54631  2.15858    281 - -
          1.38629  1.38629  1.38629  1.38629
          0.05232  3.66963  3.66963  1.46634  0.26236  1.09861  0.40547
    266   2.45018  2.16757  2.51850  0.33033    282 - -
          1.38629  1.38629  1.38629  1.38629
          0.05232  3.66963  3.66963  1.46634  0.26236  1.09861  0.40547
    267   0.27712  2.70785  2.32422  2.55753    283 - -
          1.38629  1.38629  1.38629  1.38629
          0.05232  3.66963  3.66963  1.46634  0.26236  1.09861  0.40547
    268   2.40633  2.86767  0.23979  2.71463    284 - -
          1.38629  1.38629  1.38629  1.38629
          0.05232  3.66963  3.66963  1.46634  0.26236  1.09861  0.40547
    269   2.65665  0.27923  2.72979  2.22362    285 - -
          1.38629  1.38629  1.38629  1.38629
          0.05232  3.66963  3.66963  1.46634  0.26236  1.09861  0.40547
    270   0.27712  2.70785  2.32422  2.55753    286 - -
          1.38629  1.38629  1.38629  1.38629
          0.05232  3.66963  3.66963  1.46634  0.26236  1.09861  0.40547
    271   2.45018  2.16757  2.51850  0.33033    287 - -
          1.38629  1.38629  1.38629  1.38629
          0.05232  3.66963  3.66963  1.46634  0.26236  1.09861  0.40547
    272   2.40633  2.86767  0.23979  2.71463    288 - -
          1.38629  1.38629  1.38629  1.38629
          0.05232  3.66963  3.66963  1.46634  0.26236  1.09861  0.40547
    273   0.27712  2.70785  2.32422  2.55753    289 - -
          1.38629  1.38629  1.38629  1.38629
          0.05232  3.66963  3.66963  1.46634  0.26236  1.09861  0.40547
    274   0.30183  2.65699  2.21677  2.50821    290 - -
          1.38629  1.38629  1.38629  1.38629
          0.05232  3.66963  3.66963  1.46634  0.26236  1.09861  0.40547
    275   2.40633  2.86767  0.23979  2.71463    291 - -
          1.38629  1.38629  1.38629  1.38629
          0.05232  3.66963  3.66963  1.46634  0.26236  1.09861  0.40547
    276   2.45018  2.16757  2.51850  0.33033    292 - -
          1.38629  1.38629  1.38629  1.38629
          0.05232  3.66963  3.66963  1.46634  0.26236  1.09861  0.40547
    277   2.65665  0.27923  2.72979  2.22362    293 - -
          1.38629  1.38629  1.38629  1.38629
          0.05232  3.66963  3.66963  1.46634  0.26236  1.09861  0.40547
    278   0.27712  2.70785  2.32422  2.55753    294 - -
          1.38629  1.38629  1.38629  1.38629
          0.05232  3.66963  3.66963  1.46634  0.26236  1.09861  0.40547
    279   2.40633  2.86767  0.23979  2.71463    295 - -
          1.38629  1.38629  1.38629  1.38629
          0.05232  3.66963  3.66963  1.46634  0.26236  1.09861  0.40547
    280   0.60307  2.30911  1.43670  2.15579    296 - -
          1.38629  1.38629  1.38629  1.38629
          0.05232  3.66963  3.66963  1.46634  0.26236  1.09861  0.40547
    281   2.65665  0.27923  2.72979  2.22362    297 - -
          1.38629  1.38629  1.38629  1.38629
          0.05232  3.66963  3.66963  1.46634  0.26236  1.09861  0.40547
    282   0.27712  2.70785  2.32422  2.55753    298 - -
          1.38629  1.38629  1.38629  1.38629
          0.05232  3.66963  3.66963  1.46634  0.26236  1.09861  0.40547
    283   0.27712  2.70785  2.32422  2.55753    299 - -
          1.38629  1.38629  1.38629  1.38629
          0.05976  3.66963  3.42568  1.46634  0.26236  1.09861  0.40547
    284   2.39266  2.85119  0.24405  2.69729    300 - -
          1.38629  1.38629  1.38629  1.38629
          0.05270  3.66257  3.66257  1.46634  0.26236  1.18671  0.36417
    285   2.13567  1.35782  2.21003  0.66375    301 - -
          1.38629  1.38629  1.38629  1.38629
          0.05270  3.66257  3.66257  1.46634  0.26236  1.18671  0.36417
    286   2.10229  2.69353  0.31270  2.54193    302 - -
          1.38629  1.38629  1.38629  1.38629
          0.05270  3.66257  3.66257  1.46634  0.26236  1.18671  0.36417
    287   0.38100  2.44394  2.01358  2.33824    303 - -
          1.38629  1.38629  1.38629  1.38629
          0.02670  3.63657        *  1.46634  0.26236  0.00000        *
//
