HMMER3/b [3.0 | March 2010]
NAME  CladeA_Alignment_23April13
LENG  255
ALPH  DNA
RF    no
CS    no
MAP   yes
DATE  Thu Apr 25 10:06:11 2013
NSEQ  81
EFFN  1.675964
CKSUM 3145066538
STATS LOCAL MSV      -10.1233  0.70271
STATS LOCAL VITERBI  -11.9596  0.70271
STATS LOCAL FORWARD   -4.4484  0.70271
HMM          A        C        G        T   
            m->m     m->i     m->d     i->m     i->i     d->m     d->d
  COMPO   1.46703  1.42077  1.41754  1.25331
          1.38629  1.38629  1.38629  1.38629
          0.05298  3.65738  3.65738  1.46634  0.26236  0.00000        *
      1   0.29899  2.61238  2.28365  2.48697      1 - -
          1.38629  1.38629  1.38629  1.38629
          0.05298  3.65738  3.65738  1.46634  0.26236  1.09861  0.40547
      2   0.28490  2.68225  2.30370  2.53054      2 - -
          1.38629  1.38629  1.38629  1.38629
          0.05298  3.65738  3.65738  1.46634  0.26236  1.09861  0.40547
      3   2.62750  0.28804  2.70106  2.19936      3 - -
          1.38629  1.38629  1.38629  1.38629
          0.05298  3.65738  3.65738  1.46634  0.26236  1.09861  0.40547
      4   2.62750  0.28804  2.70106  2.19936      4 - -
          1.38629  1.38629  1.38629  1.38629
          0.05298  3.65738  3.65738  1.46634  0.26236  1.09861  0.40547
      5   0.28490  2.68225  2.30370  2.53054      5 - -
          1.38629  1.38629  1.38629  1.38629
          0.05298  3.65738  3.65738  1.46634  0.26236  1.09861  0.40547
      6   0.28490  2.68225  2.30370  2.53054      6 - -
          1.37049  1.39162  1.39162  1.39162
          0.06250  3.46381  3.53108  1.24077  0.34131  1.09861  0.40547
      7   2.42048  2.14597  2.48938  0.34080      8 - -
          1.38629  1.38629  1.38629  1.38629
          0.05317  3.65390  3.65390  1.46634  0.26236  1.01621  0.44936
      8   2.38257  2.83907  0.24724  2.68456      9 - -
          1.38629  1.38629  1.38629  1.38629
          0.06812  3.65738  3.21765  1.46634  0.26236  1.09861  0.40547
      9   2.35443  2.80549  0.25634  2.64932     10 - -
          1.36162  1.39466  1.39466  1.39466
          0.06308  3.35346  3.64303  1.14330  0.38385  1.26759  0.33060
     10   2.59341  0.29878  2.66741  2.17087     12 - -
          1.38629  1.38629  1.38629  1.38629
          0.05377  3.64303  3.64303  1.46634  0.26236  1.26759  0.33060
     11   2.59341  0.29878  2.66741  2.17087     13 - -
          1.38629  1.38629  1.38629  1.38629
          0.05377  3.64303  3.64303  1.46634  0.26236  1.26759  0.33060
     12   2.40000  2.13095  2.46927  0.34827     14 - -
          1.38629  1.38629  1.38629  1.38629
          0.05377  3.64303  3.64303  1.46634  0.26236  1.26759  0.33060
     13   2.42774  0.36119  2.40970  2.07884     15 - -
          1.39163  1.37045  1.39163  1.39163
          0.05969  3.44907  3.64303  1.24036  0.34148  0.82786  0.57444
     14   2.37840  2.13050  2.40880  0.35868     17 - -
          1.38629  1.38629  1.38629  1.38629
          0.05298  3.65738  3.65738  1.46634  0.26236  1.09861  0.40547
     15   2.42704  2.15076  2.49582  0.33845     18 - -
          1.38629  1.38629  1.38629  1.38629
          0.05298  3.65738  3.65738  1.46634  0.26236  1.09861  0.40547
     16   2.38257  2.83907  0.24724  2.68456     19 - -
          1.38629  1.38629  1.38629  1.38629
          0.05298  3.65738  3.65738  1.46634  0.26236  1.09861  0.40547
     17   0.28490  2.68225  2.30370  2.53054     20 - -
          1.38629  1.38629  1.38629  1.38629
          0.05298  3.65738  3.65738  1.46634  0.26236  1.09861  0.40547
     18   0.28490  2.68225  2.30370  2.53054     21 - -
          1.38629  1.38629  1.38629  1.38629
          0.05298  3.65738  3.65738  1.46634  0.26236  1.09861  0.40547
     19   2.60827  0.29741  2.68179  2.16142     22 - -
          1.38629  1.38629  1.38629  1.38629
          0.05298  3.65738  3.65738  1.46634  0.26236  1.09861  0.40547
     20   2.25660  2.65681  0.30740  2.41057     23 - -
          1.38629  1.38629  1.38629  1.38629
          0.05298  3.65738  3.65738  1.46634  0.26236  1.09861  0.40547
     21   2.31103  2.10148  2.28853  0.38986     24 - -
          1.38629  1.38629  1.38629  1.38629
          0.05298  3.65738  3.65738  1.46634  0.26236  1.09861  0.40547
     22   2.28722  2.56875  0.30069  2.50695     25 - -
          1.38629  1.38629  1.38629  1.38629
          0.05298  3.65738  3.65738  1.46634  0.26236  1.09861  0.40547
     23   2.52540  0.34123  2.59916  2.00438     26 - -
          1.38629  1.38629  1.38629  1.38629
          0.05648  3.65738  3.53655  1.46634  0.26236  1.09861  0.40547
     24   0.35367  2.50233  2.21224  2.23918     27 - -
          1.38629  1.38629  1.38629  1.38629
          0.06958  3.65406  3.18619  1.46634  0.26236  1.14053  0.38515
     25   2.20928  2.08116  2.36035  0.39892     28 - -
          1.38629  1.38629  1.38629  1.38629
          0.05402  3.63850  3.63850  1.46634  0.26236  1.31507  0.31260
     26   2.39147  2.12467  2.46089  0.35144     29 - -
          1.36162  1.39466  1.39466  1.39466
          0.06338  3.34893  3.63850  1.14330  0.38385  1.31507  0.31260
     27   2.34548  2.79486  0.25931  2.63819     31 - -
          1.38629  1.38629  1.38629  1.38629
          0.06946  3.63850  3.19877  1.46634  0.26236  1.31507  0.31260
     28   2.50900  0.33560  2.58342  2.05393     32 - -
          1.38629  1.38629  1.38629  1.38629
          0.05483  3.62387  3.62387  1.46634  0.26236  1.33250  0.30628
     29   2.32322  2.76855  0.26683  2.61068     33 - -
          1.38629  1.38629  1.38629  1.38629
          0.05464  3.62729  3.62729  1.46634  0.26236  1.42284  0.27579
     30   2.52033  0.33074  2.59468  2.06744     34 - -
          1.39345  1.39345  1.36514  1.39345
          0.06274  3.37492  3.62729  1.18007  0.36710  1.42284  0.27579
     31   2.37042  2.10909  2.44018  0.35944     36 - -
          1.38629  1.38629  1.38629  1.38629
          0.05464  3.62729  3.62729  1.46634  0.26236  1.42284  0.27579
     32   2.55612  0.31109  2.63053  2.13958     37 - -
          1.38629  1.38629  1.38629  1.38629
          0.05464  3.62729  3.62729  1.46634  0.26236  1.42284  0.27579
     33   2.35707  2.07318  2.42689  0.36932     38 - -
          1.39466  1.39466  1.36162  1.39466
          0.06412  3.33772  3.62729  1.14330  0.38385  1.42284  0.27579
     34   2.35707  2.07318  2.42689  0.36932     40 - -
          1.38629  1.38629  1.38629  1.38629
          0.05464  3.62729  3.62729  1.46634  0.26236  0.65789  0.72969
     35   2.38257  2.83907  0.24724  2.68456     41 - -
          1.38629  1.38629  1.38629  1.38629
          0.05298  3.65738  3.65738  1.46634  0.26236  1.09861  0.40547
     36   2.15726  2.60882  0.31644  2.50103     42 - -
          1.38629  1.38629  1.38629  1.38629
          0.05298  3.65738  3.65738  1.46634  0.26236  1.09861  0.40547
     37   2.16645  2.72299  0.29670  2.57081     43 - -
          1.35838  1.41633  1.38802  1.38329
          0.08672  2.86009  3.65738  0.74155  0.64698  1.09861  0.40547
     38   0.29266  2.66636  2.26928  2.51533     45 - -
          1.38629  1.38629  1.38629  1.38629
          0.06934  3.65738  3.18951  1.46634  0.26236  1.09861  0.40547
     39   2.39781  2.12935  2.46713  0.34908     46 - -
          1.38629  1.38629  1.38629  1.38629
          0.08232  3.64187  2.94081  1.46634  0.26236  1.27999  0.32579
     40   0.31416  2.59343  2.23081  2.43734     47 - -
          1.38629  1.38629  1.38629  1.38629
          0.05534  3.61489  3.61489  1.46634  0.26236  1.06090  0.42487
     41   2.33285  1.99883  2.40287  0.39004     48 - -
          1.38629  1.38629  1.38629  1.38629
          0.05444  3.63082  3.63082  1.46634  0.26236  0.68920  0.69711
     42   2.28722  2.56875  0.30069  2.50695     49 - -
          1.38629  1.38629  1.38629  1.38629
          0.06934  3.65738  3.18951  1.46634  0.26236  1.09861  0.40547
     43   2.59066  0.29966  2.66469  2.16857     50 - -
          1.38629  1.38629  1.38629  1.38629
          0.06922  3.64187  3.20214  1.46634  0.26236  1.27999  0.32579
     44   2.51135  0.33585  2.58570  2.04972     51 - -
          1.38629  1.38629  1.38629  1.38629
          0.05464  3.62729  3.62729  1.46634  0.26236  0.98311  0.46864
     45   2.38575  2.09750  2.45512  0.35758     52 - -
          1.38629  1.38629  1.38629  1.38629
          0.05383  3.64187  3.64187  1.46634  0.26236  1.27999  0.32579
     46   2.35215  2.80277  0.25710  2.64647     53 - -
          1.38629  1.38629  1.38629  1.38629
          0.05383  3.64187  3.64187  1.46634  0.26236  0.81212  0.58684
     47   0.31677  2.61971  2.17086  2.46983     54 - -
          1.38629  1.38629  1.38629  1.38629
          0.05298  3.65738  3.65738  1.46634  0.26236  1.09861  0.40547
     48   2.12719  2.45251  0.35066  2.40213     55 - -
          1.38629  1.38629  1.38629  1.38629
          0.05298  3.65738  3.65738  1.46634  0.26236  1.09861  0.40547
     49   0.31677  2.61971  2.17086  2.46983     56 - -
          1.38629  1.38629  1.38629  1.38629
          0.05298  3.65738  3.65738  1.46634  0.26236  1.09861  0.40547
     50   2.28722  2.56875  0.30069  2.50695     57 - -
          1.38629  1.38629  1.38629  1.38629
          0.05298  3.65738  3.65738  1.46634  0.26236  1.09861  0.40547
     51   2.36631  0.34946  2.53497  2.10504     58 - -
          1.38629  1.38629  1.38629  1.38629
          0.05298  3.65738  3.65738  1.46634  0.26236  1.09861  0.40547
     52   0.34236  2.52916  2.22802  2.27848     59 - -
          1.38629  1.38629  1.38629  1.38629
          0.06934  3.65738  3.18951  1.46634  0.26236  1.09861  0.40547
     53   2.38665  2.09985  2.45601  0.35694     60 - -
          1.38629  1.38629  1.38629  1.38629
          0.05383  3.64187  3.64187  1.46634  0.26236  1.27999  0.32579
     54   2.35215  2.80277  0.25710  2.64647     61 - -
          1.38629  1.38629  1.38629  1.38629
          0.05383  3.64187  3.64187  1.46634  0.26236  0.81212  0.58684
     55   2.42704  2.15076  2.49582  0.33845     62 - -
          1.38629  1.38629  1.38629  1.38629
          0.05298  3.65738  3.65738  1.46634  0.26236  1.09861  0.40547
     56   2.33893  0.40416  2.25113  2.03445     63 - -
          1.38839  1.28127  1.44215  1.44215
          0.08473  2.89244  3.65738  1.02980  0.44173  1.09861  0.40547
     57   2.38150  2.03601  2.45066  0.36990     66 - -
          1.38629  1.38629  1.38629  1.38629
          0.06934  3.65738  3.18951  1.46634  0.26236  1.09861  0.40547
     58   2.35215  2.80277  0.25710  2.64647     67 - -
          1.38629  1.38629  1.38629  1.38629
          0.05383  3.64187  3.64187  1.46634  0.26236  1.27999  0.32579
     59   2.59066  0.29966  2.66469  2.16857     68 - -
          1.38629  1.38629  1.38629  1.38629
          0.05383  3.64187  3.64187  1.46634  0.26236  1.27999  0.32579
     60   2.39781  2.12935  2.46713  0.34908     69 - -
          1.38629  1.38629  1.38629  1.38629
          0.05383  3.64187  3.64187  1.46634  0.26236  1.27999  0.32579
     61   2.19133  2.07980  2.35320  0.40315     70 - -
          1.38629  1.38629  1.38629  1.38629
          0.05383  3.64187  3.64187  1.46634  0.26236  1.27999  0.32579
     62   2.59066  0.29966  2.66469  2.16857     71 - -
          1.38629  1.38629  1.38629  1.38629
          0.05383  3.64187  3.64187  1.46634  0.26236  0.81212  0.58684
     63   0.28490  2.68225  2.30370  2.53054     72 - -
          1.38629  1.38629  1.38629  1.38629
          0.06934  3.65738  3.18951  1.46634  0.26236  1.09861  0.40547
     64   2.35215  2.80277  0.25710  2.64647     73 - -
          1.38629  1.38629  1.38629  1.38629
          0.05383  3.64187  3.64187  1.46634  0.26236  0.81212  0.58684
     65   2.42704  2.15076  2.49582  0.33845     74 - -
          1.38629  1.38629  1.38629  1.38629
          0.05298  3.65738  3.65738  1.46634  0.26236  1.09861  0.40547
     66   2.38257  2.83907  0.24724  2.68456     75 - -
          1.38629  1.38629  1.38629  1.38629
          0.05298  3.65738  3.65738  1.46634  0.26236  1.09861  0.40547
     67   2.62750  0.28804  2.70106  2.19936     76 - -
          1.38629  1.38629  1.38629  1.38629
          0.05298  3.65738  3.65738  1.46634  0.26236  1.09861  0.40547
     68   2.42704  2.15076  2.49582  0.33845     77 - -
          1.38629  1.38629  1.38629  1.38629
          0.05298  3.65738  3.65738  1.46634  0.26236  1.09861  0.40547
     69   2.42704  2.15076  2.49582  0.33845     78 - -
          1.38629  1.38629  1.38629  1.38629
          0.05298  3.65738  3.65738  1.46634  0.26236  1.09861  0.40547
     70   2.62750  0.28804  2.70106  2.19936     79 - -
          1.38629  1.38629  1.38629  1.38629
          0.05298  3.65738  3.65738  1.46634  0.26236  1.09861  0.40547
     71   2.42704  2.15076  2.49582  0.33845     80 - -
          1.38629  1.38629  1.38629  1.38629
          0.05298  3.65738  3.65738  1.46634  0.26236  1.09861  0.40547
     72   0.64405  2.03653  1.90529  1.63179     81 - -
          1.17178  1.46941  1.46941  1.46941
          0.15642  2.16076  3.52121  0.39999  1.10964  1.09861  0.40547
     73   2.46450  0.37633  2.53868  1.89979     83 - -
          1.38629  1.38629  1.38629  1.38629
          0.05318  3.65361  3.65361  1.46634  0.26236  1.00992  0.45295
     74   2.01623  2.04920  2.26994  0.45462     84 - -
          1.38629  1.38629  1.38629  1.38629
          0.05298  3.65738  3.65738  1.46634  0.26236  1.09861  0.40547
     75   2.18324  1.73110  2.28763  0.49638     85 - -
          1.38629  1.38629  1.38629  1.38629
          0.05298  3.65738  3.65738  1.46634  0.26236  1.09861  0.40547
     76   2.28082  1.91058  2.37373  0.42057     86 - -
          1.38629  1.38629  1.38629  1.38629
          0.05298  3.65738  3.65738  1.46634  0.26236  1.09861  0.40547
     77   2.47591  0.37082  2.54998  1.91281     87 - -
          1.39196  1.35985  1.51029  1.29511
          0.34031  1.81998  2.06813  0.29276  1.37121  1.09861  0.40547
     78   0.60916  1.81461  1.92871  1.91085     89 - -
          1.38629  1.38629  1.38629  1.38629
          0.05908  3.55133  3.55133  1.46634  0.26236  0.34228  1.23839
     79   2.41528  2.12028  2.48411  0.34636     90 - -
          1.51125  1.59686  1.24335  1.24335
          0.20342  1.84348  3.65738  0.73634  0.65174  1.09861  0.40547
     80   1.90081  1.90774  1.76819  0.63206     93 - -
          1.38629  1.38629  1.38629  1.38629
          0.05298  3.65738  3.65738  1.46634  0.26236  1.09861  0.40547
     81   2.39936  2.08011  2.46832  0.35727     94 - -
          1.38629  1.38629  1.38629  1.38629
          0.05298  3.65738  3.65738  1.46634  0.26236  1.09861  0.40547
     82   1.97324  1.48651  1.87705  0.73024     95 - -
          1.38629  1.38629  1.38629  1.38629
          0.05298  3.65738  3.65738  1.46634  0.26236  1.09861  0.40547
     83   2.62750  0.28804  2.70106  2.19936     96 - -
          1.38629  1.38629  1.38629  1.38629
          0.05298  3.65738  3.65738  1.46634  0.26236  1.09861  0.40547
     84   2.39782  2.07626  2.46679  0.35835     97 - -
          1.38629  1.38629  1.38629  1.38629
          0.07742  3.65738  3.02213  1.46634  0.26236  1.09861  0.40547
     85   2.33700  2.78482  0.26215  2.62768     98 - -
          1.38629  1.38629  1.38629  1.38629
          0.05425  3.63422  3.63422  1.46634  0.26236  1.35776  0.29738
     86   2.46779  0.34408  2.48387  2.09608     99 - -
          1.38629  1.38629  1.38629  1.38629
          0.05425  3.63422  3.63422  1.46634  0.26236  0.72251  0.66462
     87   2.41484  2.11916  2.48367  0.34665    100 - -
          1.38629  1.38629  1.38629  1.38629
          0.05298  3.65738  3.65738  1.46634  0.26236  1.09861  0.40547
     88   2.38257  2.83907  0.24724  2.68456    101 - -
          1.38629  1.38629  1.38629  1.38629
          0.05298  3.65738  3.65738  1.46634  0.26236  1.09861  0.40547
     89   2.48779  0.33735  2.48357  2.12191    102 - -
          1.38629  1.38629  1.38629  1.38629
          0.05298  3.65738  3.65738  1.46634  0.26236  1.09861  0.40547
     90   2.20847  2.09805  2.37547  0.39384    103 - -
          1.38629  1.38629  1.38629  1.38629
          0.05298  3.65738  3.65738  1.46634  0.26236  1.09861  0.40547
     91   2.62750  0.28804  2.70106  2.19936    104 - -
          1.38629  1.38629  1.38629  1.38629
          0.05298  3.65738  3.65738  1.46634  0.26236  1.09861  0.40547
     92   2.31059  1.86499  2.38094  0.42551    105 - -
          1.47377  1.25860  1.47377  1.35545
          0.15776  2.11905  3.65738  0.38515  1.14053  1.09861  0.40547
     93   2.42704  2.15076  2.49582  0.33845    107 - -
          1.38629  1.38629  1.38629  1.38629
          0.05298  3.65738  3.65738  1.46634  0.26236  1.09861  0.40547
     94   1.84473  1.60540  0.80233  1.64590    108 - -
          1.38629  1.38629  1.38629  1.38629
          0.05298  3.65738  3.65738  1.46634  0.26236  1.09861  0.40547
     95   1.99576  1.64825  1.85918  0.66184    109 - -
          1.38629  1.38629  1.38629  1.38629
          0.05298  3.65738  3.65738  1.46634  0.26236  1.09861  0.40547
     96   2.18102  1.52816  2.25418  0.57061    110 - -
          1.38629  1.38629  1.38629  1.38629
          0.05298  3.65738  3.65738  1.46634  0.26236  1.09861  0.40547
     97   0.60317  2.12866  1.97718  1.63236    111 - -
          1.38629  1.38629  1.38629  1.38629
          0.07759  3.65738  3.01882  1.46634  0.26236  1.09861  0.40547
     98   1.96484  1.96969  2.21221  0.49288    112 - -
          1.38629  1.38629  1.38629  1.38629
          0.05426  3.63405  3.63405  1.46634  0.26236  1.35938  0.29682
     99   1.82310  0.75170  1.96800  1.48203    113 - -
          1.38629  1.38629  1.38629  1.38629
          0.05426  3.63405  3.63405  1.46634  0.26236  0.72081  0.66623
    100   0.72912  1.84323  1.55955  1.90295    114 - -
          1.38629  1.38629  1.38629  1.38629
          0.05298  3.65738  3.65738  1.46634  0.26236  1.09861  0.40547
    101   1.65821  2.29995  0.54324  2.05268    115 - -
          1.38629  1.38629  1.38629  1.38629
          0.05298  3.65738  3.65738  1.46634  0.26236  1.09861  0.40547
    102   2.38257  2.83907  0.24724  2.68456    116 - -
          1.38629  1.38629  1.38629  1.38629
          0.05298  3.65738  3.65738  1.46634  0.26236  1.09861  0.40547
    103   0.44801  2.42882  1.76935  2.27775    117 - -
          1.38629  1.38629  1.38629  1.38629
          0.05298  3.65738  3.65738  1.46634  0.26236  1.09861  0.40547
    104   2.19705  2.33429  0.36138  2.35096    118 - -
          1.38629  1.38629  1.38629  1.38629
          0.05298  3.65738  3.65738  1.46634  0.26236  1.09861  0.40547
    105   2.06462  0.48999  2.29899  1.83172    119 - -
          1.38629  1.38629  1.38629  1.38629
          0.05298  3.65738  3.65738  1.46634  0.26236  1.09861  0.40547
    106   0.41755  2.46492  1.84832  2.31444    120 - -
          1.38629  1.38629  1.38629  1.38629
          0.05298  3.65738  3.65738  1.46634  0.26236  1.09861  0.40547
    107   2.19705  2.33429  0.36138  2.35096    121 - -
          1.38629  1.38629  1.38629  1.38629
          0.05298  3.65738  3.65738  1.46634  0.26236  1.09861  0.40547
    108   2.16037  1.94833  2.05694  0.48717    122 - -
          1.38629  1.38629  1.38629  1.38629
          0.05298  3.65738  3.65738  1.46634  0.26236  1.09861  0.40547
    109   2.08139  2.44943  0.40145  2.12399    123 - -
          1.38629  1.38629  1.38629  1.38629
          0.05298  3.65738  3.65738  1.46634  0.26236  1.09861  0.40547
    110   1.93977  1.07935  1.88243  1.00998    124 - -
          1.38629  1.38629  1.38629  1.38629
          0.05298  3.65738  3.65738  1.46634  0.26236  1.09861  0.40547
    111   2.19897  2.05093  2.08605  0.45210    125 - -
          1.38629  1.38629  1.38629  1.38629
          0.05298  3.65738  3.65738  1.46634  0.26236  1.09861  0.40547
    112   2.30472  2.61625  0.29015  2.53845    126 - -
          1.38629  1.38629  1.38629  1.38629
          0.05298  3.65738  3.65738  1.46634  0.26236  1.09861  0.40547
    113   2.42034  0.40810  2.49483  1.80981    127 - -
          1.40978  1.38865  1.40978  1.33867
          0.07918  2.98925  3.65738  0.82848  0.57396  1.09861  0.40547
    114   2.10183  1.98491  1.91398  0.52276    129 - -
          1.38629  1.38629  1.38629  1.38629
          0.05298  3.65738  3.65738  1.46634  0.26236  1.09861  0.40547
    115   2.11243  2.12342  0.43078  2.21245    130 - -
          1.38629  1.38629  1.38629  1.38629
          0.05298  3.65738  3.65738  1.46634  0.26236  1.09861  0.40547
    116   1.88313  0.57070  2.18775  1.76851    131 - -
          1.38629  1.38629  1.38629  1.38629
          0.05298  3.65738  3.65738  1.46634  0.26236  1.09861  0.40547
    117   0.55044  2.19631  1.90042  1.81657    132 - -
          1.38629  1.38629  1.38629  1.38629
          0.05298  3.65738  3.65738  1.46634  0.26236  1.09861  0.40547
    118   1.65462  1.89478  1.73705  0.72889    133 - -
          1.38629  1.38629  1.38629  1.38629
          0.05298  3.65738  3.65738  1.46634  0.26236  1.09861  0.40547
    119   2.11243  2.12342  0.43078  2.21245    134 - -
          1.38629  1.38629  1.38629  1.38629
          0.05298  3.65738  3.65738  1.46634  0.26236  1.09861  0.40547
    120   2.39356  0.42793  2.46826  1.75964    135 - -
          1.38629  1.38629  1.38629  1.38629
          0.05298  3.65738  3.65738  1.46634  0.26236  1.09861  0.40547
    121   1.85026  2.00689  2.18179  0.51826    136 - -
          1.38629  1.38629  1.38629  1.38629
          0.05298  3.65738  3.65738  1.46634  0.26236  1.09861  0.40547
    122   1.60479  1.68031  1.99506  0.74077    137 - -
          1.38629  1.38629  1.38629  1.38629
          0.05298  3.65738  3.65738  1.46634  0.26236  1.09861  0.40547
    123   2.39356  0.42793  2.46826  1.75964    138 - -
          1.38629  1.38629  1.38629  1.38629
          0.05298  3.65738  3.65738  1.46634  0.26236  1.09861  0.40547
    124   2.11030  2.00922  1.91910  0.51422    139 - -
          1.38629  1.38629  1.38629  1.38629
          0.05298  3.65738  3.65738  1.46634  0.26236  1.09861  0.40547
    125   2.11243  2.12342  0.43078  2.21245    140 - -
          1.38629  1.38629  1.38629  1.38629
          0.05298  3.65738  3.65738  1.46634  0.26236  1.09861  0.40547
    126   2.28823  0.45889  2.26355  1.81651    141 - -
          1.38629  1.38629  1.38629  1.38629
          0.05298  3.65738  3.65738  1.46634  0.26236  1.09861  0.40547
    127   0.57703  2.06525  1.86334  1.85472    142 - -
          1.38629  1.38629  1.38629  1.38629
          0.05298  3.65738  3.65738  1.46634  0.26236  1.09861  0.40547
    128   0.81210  1.76663  1.89847  1.44659    143 - -
          1.38629  1.38629  1.38629  1.38629
          0.05298  3.65738  3.65738  1.46634  0.26236  1.09861  0.40547
    129   1.58438  1.79380  1.07110  1.25187    144 - -
          1.43203  1.37769  1.33486  1.40316
          0.14231  2.23638  3.65738  0.61443  0.77860  1.09861  0.40547
    130   1.89713  1.48456  2.06562  0.69985    147 - -
          1.38629  1.38629  1.38629  1.38629
          0.05298  3.65738  3.65738  1.46634  0.26236  1.09861  0.40547
    131   1.66693  2.06802  0.71781  1.62496    148 - -
          1.38629  1.38629  1.38629  1.38629
          0.06065  3.65738  3.40970  1.46634  0.26236  1.09861  0.40547
    132   2.36834  2.82205  0.25180  2.66669    149 - -
          1.38629  1.38629  1.38629  1.38629
          0.05338  3.65010  3.65010  1.46634  0.26236  0.94048  0.49502
    133   2.60827  0.29741  2.68179  2.16142    150 - -
          1.38629  1.38629  1.38629  1.38629
          0.05298  3.65738  3.65738  1.46634  0.26236  1.09861  0.40547
    134   0.28490  2.68225  2.30370  2.53054    151 - -
          1.38629  1.38629  1.38629  1.38629
          0.05298  3.65738  3.65738  1.46634  0.26236  1.09861  0.40547
    135   2.51532  0.34702  2.58913  1.98567    152 - -
          1.38629  1.38629  1.38629  1.38629
          0.05298  3.65738  3.65738  1.46634  0.26236  1.09861  0.40547
    136   2.42704  2.15076  2.49582  0.33845    153 - -
          1.38629  1.38629  1.38629  1.38629
          0.05298  3.65738  3.65738  1.46634  0.26236  1.09861  0.40547
    137   2.38257  2.83907  0.24724  2.68456    154 - -
          1.38629  1.38629  1.38629  1.38629
          0.05298  3.65738  3.65738  1.46634  0.26236  1.09861  0.40547
    138   2.38257  2.83907  0.24724  2.68456    155 - -
          1.38629  1.38629  1.38629  1.38629
          0.05298  3.65738  3.65738  1.46634  0.26236  1.09861  0.40547
    139   2.62750  0.28804  2.70106  2.19936    156 - -
          1.38629  1.38629  1.38629  1.38629
          0.05298  3.65738  3.65738  1.46634  0.26236  1.09861  0.40547
    140   0.32009  2.58961  2.23460  2.38782    157 - -
          1.38629  1.38629  1.38629  1.38629
          0.05298  3.65738  3.65738  1.46634  0.26236  1.09861  0.40547
    141   2.42704  2.15076  2.49582  0.33845    158 - -
          1.38629  1.38629  1.38629  1.38629
          0.05298  3.65738  3.65738  1.46634  0.26236  1.09861  0.40547
    142   2.30260  2.69470  0.29206  2.45672    159 - -
          1.38629  1.38629  1.38629  1.38629
          0.05298  3.65738  3.65738  1.46634  0.26236  1.09861  0.40547
    143   2.62750  0.28804  2.70106  2.19936    160 - -
          1.38629  1.38629  1.38629  1.38629
          0.05298  3.65738  3.65738  1.46634  0.26236  1.09861  0.40547
    144   2.19897  2.05093  2.08605  0.45210    161 - -
          1.38629  1.38629  1.38629  1.38629
          0.05298  3.65738  3.65738  1.46634  0.26236  1.09861  0.40547
    145   0.91701  1.59618  1.61140  1.61942    162 - -
          1.38629  1.38629  1.38629  1.38629
          0.05298  3.65738  3.65738  1.46634  0.26236  1.09861  0.40547
    146   0.29301  2.66566  2.26778  2.51466    163 - -
          1.38629  1.38629  1.38629  1.38629
          0.05298  3.65738  3.65738  1.46634  0.26236  1.09861  0.40547
    147   0.87941  2.22213  1.05011  2.06598    164 - -
          1.38629  1.38629  1.38629  1.38629
          0.05298  3.65738  3.65738  1.46634  0.26236  1.09861  0.40547
    148   2.00821  2.01968  2.25899  0.46423    165 - -
          1.38629  1.38629  1.38629  1.38629
          0.05298  3.65738  3.65738  1.46634  0.26236  1.09861  0.40547
    149   0.41459  2.38330  2.12912  2.05414    166 - -
          1.38629  1.38629  1.38629  1.38629
          0.05298  3.65738  3.65738  1.46634  0.26236  1.09861  0.40547
    150   2.18533  1.54090  2.25838  0.56414    167 - -
          1.38629  1.38629  1.38629  1.38629
          0.05298  3.65738  3.65738  1.46634  0.26236  1.09861  0.40547
    151   2.37795  0.44015  2.45278  1.73011    168 - -
          1.38629  1.38629  1.38629  1.38629
          0.11218  3.65738  2.52173  1.46634  0.26236  1.09861  0.40547
    152   0.41377  2.43129  1.90825  2.27703    169 - -
          1.38629  1.38629  1.38629  1.38629
          0.05612  3.60132  3.60132  1.46634  0.26236  1.63183  0.21762
    153   0.57349  1.96483  1.97956  1.84431    170 - -
          1.38629  1.38629  1.38629  1.38629
          0.05612  3.60132  3.60132  1.46634  0.26236  0.49617  0.93868
    154   2.19228  2.50756  0.36721  2.16973    171 - -
          1.38629  1.38629  1.38629  1.38629
          0.05298  3.65738  3.65738  1.46634  0.26236  1.09861  0.40547
    155   2.02816  1.85064  1.82590  0.59745    172 - -
          1.38629  1.38629  1.38629  1.38629
          0.05298  3.65738  3.65738  1.46634  0.26236  1.09861  0.40547
    156   2.02051  1.78929  2.21266  0.52607    173 - -
          1.38629  1.38629  1.38629  1.38629
          0.05298  3.65738  3.65738  1.46634  0.26236  1.09861  0.40547
    157   2.42704  2.15076  2.49582  0.33845    174 - -
          1.38629  1.38629  1.38629  1.38629
          0.05298  3.65738  3.65738  1.46634  0.26236  1.09861  0.40547
    158   2.22805  1.65909  2.30013  0.50799    175 - -
          1.38629  1.38629  1.38629  1.38629
          0.05298  3.65738  3.65738  1.46634  0.26236  1.09861  0.40547
    159   2.38257  2.83907  0.24724  2.68456    176 - -
          1.38629  1.38629  1.38629  1.38629
          0.05298  3.65738  3.65738  1.46634  0.26236  1.09861  0.40547
    160   2.62750  0.28804  2.70106  2.19936    177 - -
          1.38629  1.38629  1.38629  1.38629
          0.05298  3.65738  3.65738  1.46634  0.26236  1.09861  0.40547
    161   2.21338  1.61990  2.28578  0.52584    178 - -
          1.38629  1.38629  1.38629  1.38629
          0.05298  3.65738  3.65738  1.46634  0.26236  1.09861  0.40547
    162   2.10519  1.42582  2.19786  0.64089    179 - -
          1.38629  1.38629  1.38629  1.38629
          0.05298  3.65738  3.65738  1.46634  0.26236  1.09861  0.40547
    163   1.53582  2.39098  0.53391  2.23610    180 - -
          1.38629  1.38629  1.38629  1.38629
          0.05298  3.65738  3.65738  1.46634  0.26236  1.09861  0.40547
    164   2.60855  0.29728  2.68207  2.16196    181 - -
          1.38629  1.38629  1.38629  1.38629
          0.05298  3.65738  3.65738  1.46634  0.26236  1.09861  0.40547
    165   2.41504  2.11968  2.48387  0.34652    182 - -
          1.38629  1.38629  1.38629  1.38629
          0.05298  3.65738  3.65738  1.46634  0.26236  1.09861  0.40547
    166   2.38257  2.83907  0.24724  2.68456    183 - -
          1.38629  1.38629  1.38629  1.38629
          0.05298  3.65738  3.65738  1.46634  0.26236  1.09861  0.40547
    167   1.80249  1.89354  1.47418  0.78612    184 - -
          1.38629  1.38629  1.38629  1.38629
          0.05298  3.65738  3.65738  1.46634  0.26236  1.09861  0.40547
    168   2.21909  1.98810  2.15634  0.44849    185 - -
          1.38629  1.38629  1.38629  1.38629
          0.05298  3.65738  3.65738  1.46634  0.26236  1.09861  0.40547
    169   1.83035  1.83235  0.89711  1.30248    186 - -
          1.38629  1.38629  1.38629  1.38629
          0.05298  3.65738  3.65738  1.46634  0.26236  1.09861  0.40547
    170   2.33403  1.92137  2.40394  0.40597    187 - -
          1.38629  1.38629  1.38629  1.38629
          0.05298  3.65738  3.65738  1.46634  0.26236  1.09861  0.40547
    171   2.38257  2.83907  0.24724  2.68456    188 - -
          1.38629  1.38629  1.38629  1.38629
          0.05298  3.65738  3.65738  1.46634  0.26236  1.09861  0.40547
    172   0.28490  2.68225  2.30370  2.53054    189 - -
          1.38629  1.38629  1.38629  1.38629
          0.05298  3.65738  3.65738  1.46634  0.26236  1.09861  0.40547
    173   2.15046  0.50126  2.21628  1.77910    190 - -
          1.38629  1.38629  1.38629  1.38629
          0.05298  3.65738  3.65738  1.46634  0.26236  1.09861  0.40547
    174   2.30321  2.03794  2.41078  0.38563    191 - -
          1.40855  1.40855  1.40855  1.32236
          0.07777  3.01550  3.65738  0.84728  0.55963  1.09861  0.40547
    175   2.28659  2.66676  0.30191  2.41348    193 - -
          1.38629  1.38629  1.38629  1.38629
          0.05298  3.65738  3.65738  1.46634  0.26236  1.09861  0.40547
    176   0.28490  2.68225  2.30370  2.53054    194 - -
          1.38629  1.38629  1.38629  1.38629
          0.05298  3.65738  3.65738  1.46634  0.26236  1.09861  0.40547
    177   2.42704  2.15076  2.49582  0.33845    195 - -
          1.38629  1.38629  1.38629  1.38629
          0.05298  3.65738  3.65738  1.46634  0.26236  1.09861  0.40547
    178   2.62750  0.28804  2.70106  2.19936    196 - -
          1.38629  1.38629  1.38629  1.38629
          0.05298  3.65738  3.65738  1.46634  0.26236  1.09861  0.40547
    179   0.28490  2.68225  2.30370  2.53054    197 - -
          1.38629  1.38629  1.38629  1.38629
          0.05298  3.65738  3.65738  1.46634  0.26236  1.09861  0.40547
    180   0.66777  1.90060  1.95788  1.62704    198 - -
          1.38629  1.38629  1.38629  1.38629
          0.05298  3.65738  3.65738  1.46634  0.26236  1.09861  0.40547
    181   2.47289  0.37273  2.54698  1.90722    199 - -
          1.38629  1.38629  1.38629  1.38629
          0.07742  3.65738  3.02213  1.46634  0.26236  1.09861  0.40547
    182   0.48994  2.27225  1.94350  1.95863    200 - -
          1.38629  1.38629  1.38629  1.38629
          0.05425  3.63422  3.63422  1.46634  0.26236  1.35776  0.29738
    183   2.29281  1.88852  2.36342  0.42522    201 - -
          1.38629  1.38629  1.38629  1.38629
          0.05425  3.63422  3.63422  1.46634  0.26236  0.72251  0.66462
    184   1.95351  0.56985  2.10567  1.76698    202 - -
          1.38629  1.38629  1.38629  1.38629
          0.05298  3.65738  3.65738  1.46634  0.26236  1.09861  0.40547
    185   2.42704  2.15076  2.49582  0.33845    203 - -
          1.38629  1.38629  1.38629  1.38629
          0.12052  3.65738  2.43339  1.46634  0.26236  1.09861  0.40547
    186   2.47635  0.33958  2.55135  2.07222    204 - -
          1.38629  1.38629  1.38629  1.38629
          0.05658  3.59344  3.59344  1.46634  0.26236  1.68654  0.20476
    187   0.39551  2.40156  2.12177  2.15188    205 - -
          1.38629  1.38629  1.38629  1.38629
          0.05658  3.59344  3.59344  1.46634  0.26236  0.46254  0.99339
    188   1.89211  1.99177  2.06949  0.53351    206 - -
          1.38629  1.38629  1.38629  1.38629
          0.05298  3.65738  3.65738  1.46634  0.26236  1.09861  0.40547
    189   2.06142  2.63318  0.33506  2.45825    207 - -
          1.38629  1.38629  1.38629  1.38629
          0.05298  3.65738  3.65738  1.46634  0.26236  1.09861  0.40547
    190   2.42704  2.15076  2.49582  0.33845    208 - -
          1.38629  1.38629  1.38629  1.38629
          0.05298  3.65738  3.65738  1.46634  0.26236  1.09861  0.40547
    191   2.62750  0.28804  2.70106  2.19936    209 - -
          1.38629  1.38629  1.38629  1.38629
          0.05298  3.65738  3.65738  1.46634  0.26236  1.09861  0.40547
    192   1.86829  1.93060  0.79023  1.39913    210 - -
          1.38629  1.38629  1.38629  1.38629
          0.05298  3.65738  3.65738  1.46634  0.26236  1.09861  0.40547
    193   2.38246  2.03836  2.45161  0.36921    211 - -
          1.40839  1.36765  1.40839  1.36171
          0.19023  3.01882  2.08445  0.84968  0.55783  1.09861  0.40547
    194   2.14761  1.97091  2.15079  0.46599    213 - -
          1.38629  1.38629  1.38629  1.38629
          0.05895  3.55360  3.55360  1.46634  0.26236  0.82774  0.57454
    195   2.06010  1.90126  1.93192  0.54765    214 - -
          1.38629  1.38629  1.38629  1.38629
          0.05569  3.60875  3.60875  1.46634  0.26236  1.57688  0.23145
    196   2.32640  0.37507  2.46853  2.03714    215 - -
          1.38629  1.38629  1.38629  1.38629
          0.05569  3.60875  3.60875  1.46634  0.26236  1.57688  0.23145
    197   0.34377  2.53773  2.12379  2.38288    216 - -
          1.38629  1.38629  1.38629  1.38629
          0.05569  3.60875  3.60875  1.46634  0.26236  0.53313  0.88373
    198   2.27651  2.78306  0.26991  2.63020    217 - -
          1.38629  1.38629  1.38629  1.38629
          0.05298  3.65738  3.65738  1.46634  0.26236  1.09861  0.40547
    199   1.85272  2.00750  2.18306  0.51723    218 - -
          1.38629  1.38629  1.38629  1.38629
          0.05298  3.65738  3.65738  1.46634  0.26236  1.09861  0.40547
    200   2.21739  1.63073  2.28970  0.52084    219 - -
          1.38629  1.38629  1.38629  1.38629
          0.05298  3.65738  3.65738  1.46634  0.26236  1.09861  0.40547
    201   1.76400  2.30679  0.51609  2.02336    220 - -
          1.38629  1.38629  1.38629  1.38629
          0.05298  3.65738  3.65738  1.46634  0.26236  1.09861  0.40547
    202   2.23695  2.64634  0.31236  2.40140    221 - -
          1.38629  1.38629  1.38629  1.38629
          0.05298  3.65738  3.65738  1.46634  0.26236  1.09861  0.40547
    203   1.90581  0.80980  1.60178  1.58565    222 - -
          1.38629  1.38629  1.38629  1.38629
          0.05298  3.65738  3.65738  1.46634  0.26236  1.09861  0.40547
    204   2.17193  2.40173  0.38031  2.19075    223 - -
          1.38629  1.38629  1.38629  1.38629
          0.05298  3.65738  3.65738  1.46634  0.26236  1.09861  0.40547
    205   0.59280  2.13891  2.01491  1.62908    224 - -
          1.38629  1.38629  1.38629  1.38629
          0.05298  3.65738  3.65738  1.46634  0.26236  1.09861  0.40547
    206   0.46277  2.22379  2.10079  1.96679    225 - -
          1.38629  1.38629  1.38629  1.38629
          0.05298  3.65738  3.65738  1.46634  0.26236  1.09861  0.40547
    207   0.44332  2.31872  1.88022  2.23363    226 - -
          1.38629  1.38629  1.38629  1.38629
          0.05298  3.65738  3.65738  1.46634  0.26236  1.09861  0.40547
    208   1.89926  0.56286  2.19736  1.77404    227 - -
          1.38629  1.38629  1.38629  1.38629
          0.05298  3.65738  3.65738  1.46634  0.26236  1.09861  0.40547
    209   0.41614  2.24072  2.14377  2.14712    228 - -
          1.38629  1.38629  1.38629  1.38629
          0.05298  3.65738  3.65738  1.46634  0.26236  1.09861  0.40547
    210   0.47492  2.28238  2.09570  1.87705    229 - -
          1.38629  1.38629  1.38629  1.38629
          0.05896  3.65738  3.45907  1.46634  0.26236  1.09861  0.40547
    211   0.40835  2.47280  1.87836  2.32212    230 - -
          1.38629  1.38629  1.38629  1.38629
          0.05329  3.65170  3.65170  1.46634  0.26236  0.97087  0.47603
    212   1.08242  1.77777  1.20534  1.64704    231 - -
          1.28266  1.53260  1.27961  1.47587
          0.18069  2.23403  2.84375  0.86425  0.54709  1.09861  0.40547
    213   1.50892  2.34812  0.55937  2.19162    234 - -
          1.38629  1.38629  1.38629  1.38629
          0.06670  3.62444  3.27392  1.46634  0.26236  0.63472  0.75520
    214   1.92492  0.50621  2.24905  1.92524    235 - -
          1.38629  1.38629  1.38629  1.38629
          0.05357  3.64649  3.64649  1.46634  0.26236  0.87906  0.53644
    215   2.26279  1.74799  2.33411  0.47013    236 - -
          1.38629  1.38629  1.38629  1.38629
          0.21907  3.65738  1.76648  1.46634  0.26236  1.09861  0.40547
    216   1.38573  1.12180  1.66404  1.44904    237 - -
          1.38629  1.38629  1.38629  1.38629
          0.14250  3.50057  2.27658  1.46634  0.26236  1.71497  0.19841
    217   0.66689  1.99998  1.60158  1.89856    238 - -
          1.38629  1.38629  1.38629  1.38629
          0.06606  3.44317  3.44317  1.46634  0.26236  0.54502  0.86710
    218   1.91066  1.70709  2.10741  0.59953    239 - -
          1.38629  1.38629  1.38629  1.38629
          0.05658  3.59344  3.59344  1.46634  0.26236  1.68654  0.20476
    219   2.18347  2.48590  0.33858  2.39339    240 - -
          1.38629  1.38629  1.38629  1.38629
          0.11747  3.59344  2.48494  1.46634  0.26236  1.68654  0.20476
    220   2.10562  1.83916  2.20083  0.49665    241 - -
          1.38629  1.38629  1.38629  1.38629
          0.06003  3.53599  3.53599  1.46634  0.26236  0.42081  1.06861
    221   2.05324  2.64399  0.33165  2.49055    242 - -
          1.38629  1.38629  1.38629  1.38629
          0.05377  3.64303  3.64303  1.46634  0.26236  1.26759  0.33060
    222   2.33426  1.96434  2.40419  0.39671    243 - -
          1.38629  1.38629  1.38629  1.38629
          0.05377  3.64303  3.64303  1.46634  0.26236  0.82786  0.57444
    223   2.31010  2.63104  0.28698  2.54825    244 - -
          1.38629  1.38629  1.38629  1.38629
          0.05298  3.65738  3.65738  1.46634  0.26236  1.09861  0.40547
    224   2.30803  2.05043  2.30383  0.39752    245 - -
          1.38629  1.38629  1.38629  1.38629
          0.05298  3.65738  3.65738  1.46634  0.26236  1.09861  0.40547
    225   1.95218  1.84212  1.86568  0.60740    246 - -
          1.38629  1.38629  1.38629  1.38629
          0.05298  3.65738  3.65738  1.46634  0.26236  1.09861  0.40547
    226   2.05152  0.70904  2.18078  1.32279    247 - -
          1.38629  1.38629  1.38629  1.38629
          0.17367  3.65738  2.01272  1.46634  0.26236  1.09861  0.40547
    227   1.58880  1.77055  1.62376  0.84761    248 - -
          1.38629  1.38629  1.38629  1.38629
          0.05958  3.54329  3.54329  1.46634  0.26236  0.32653  1.27805
    228   1.84904  1.22646  1.89129  0.92029    249 - -
          1.38629  1.38629  1.38629  1.38629
          0.05298  3.65738  3.65738  1.46634  0.26236  1.09861  0.40547
    229   0.44831  2.32312  2.11828  1.94430    250 - -
          1.38629  1.38629  1.38629  1.38629
          0.05298  3.65738  3.65738  1.46634  0.26236  1.09861  0.40547
    230   0.45684  2.34648  1.80762  2.23519    251 - -
          1.31294  1.43126  1.37453  1.43126
          0.10433  2.61363  3.65738  0.59869  0.79747  1.09861  0.40547
    231   2.42623  0.33381  2.57327  2.12734    253 - -
          1.38629  1.38629  1.38629  1.38629
          0.05298  3.65738  3.65738  1.46634  0.26236  1.09861  0.40547
    232   0.30847  2.63530  2.20345  2.48516    254 - -
          1.38629  1.38629  1.38629  1.38629
          0.05298  3.65738  3.65738  1.46634  0.26236  1.09861  0.40547
    233   2.62750  0.28804  2.70106  2.19936    255 - -
          1.38629  1.38629  1.38629  1.38629
          0.05298  3.65738  3.65738  1.46634  0.26236  1.09861  0.40547
    234   1.69650  1.96961  2.10518  0.58817    256 - -
          1.38629  1.38629  1.38629  1.38629
          0.05298  3.65738  3.65738  1.46634  0.26236  1.09861  0.40547
    235   2.21879  2.10062  2.38118  0.39092    257 - -
          1.38629  1.38629  1.38629  1.38629
          0.05298  3.65738  3.65738  1.46634  0.26236  1.09861  0.40547
    236   2.36385  0.37299  2.50623  1.99733    258 - -
          1.38629  1.38629  1.38629  1.38629
          0.05298  3.65738  3.65738  1.46634  0.26236  1.09861  0.40547
    237   2.57058  0.31658  2.64414  2.08902    259 - -
          1.38629  1.38629  1.38629  1.38629
          0.05298  3.65738  3.65738  1.46634  0.26236  1.09861  0.40547
    238   2.35220  1.96503  2.42180  0.39167    260 - -
          1.38629  1.38629  1.38629  1.38629
          0.05298  3.65738  3.65738  1.46634  0.26236  1.09861  0.40547
    239   0.34389  2.43803  2.20399  2.37192    261 - -
          1.38629  1.38629  1.38629  1.38629
          0.06516  3.65738  3.28920  1.46634  0.26236  1.09861  0.40547
    240   2.22122  2.73888  0.28569  2.58510    262 - -
          1.38629  1.38629  1.38629  1.38629
          0.05361  3.64583  3.64583  1.46634  0.26236  1.23695  0.34287
    241   2.60006  0.29664  2.67398  2.17644    263 - -
          1.38629  1.38629  1.38629  1.38629
          0.05361  3.64583  3.64583  1.46634  0.26236  1.23695  0.34287
    242   0.34481  2.42810  2.21572  2.36059    264 - -
          1.38629  1.38629  1.38629  1.38629
          0.05361  3.64583  3.64583  1.46634  0.26236  1.23695  0.34287
    243   2.40527  2.13483  2.47445  0.34632    265 - -
          1.38629  1.38629  1.38629  1.38629
          0.05361  3.64583  3.64583  1.46634  0.26236  1.23695  0.34287
    244   2.26325  2.76142  0.27569  2.60721    266 - -
          1.38629  1.38629  1.38629  1.38629
          0.05361  3.64583  3.64583  1.46634  0.26236  1.23695  0.34287
    245   0.29250  2.65811  2.28415  2.50514    267 - -
          1.38629  1.38629  1.38629  1.38629
          0.05361  3.64583  3.64583  1.46634  0.26236  1.23695  0.34287
    246   0.31314  2.61815  2.19776  2.46668    268 - -
          1.38629  1.38629  1.38629  1.38629
          0.06894  3.64583  3.20610  1.46634  0.26236  1.23695  0.34287
    247   2.24126  2.61588  0.31901  2.36759    269 - -
          1.38629  1.38629  1.38629  1.38629
          0.05442  3.63131  3.63131  1.46634  0.26236  0.94591  0.49156
    248   2.37641  2.06022  2.44578  0.36668    270 - -
          1.38629  1.38629  1.38629  1.38629
          0.05361  3.64583  3.64583  1.46634  0.26236  1.23695  0.34287
    249   2.42667  0.33688  2.56377  2.11476    271 - -
          1.38629  1.38629  1.38629  1.38629
          0.05361  3.64583  3.64583  1.46634  0.26236  1.23695  0.34287
    250   0.31314  2.61815  2.19776  2.46668    272 - -
          1.38629  1.38629  1.38629  1.38629
          0.05361  3.64583  3.64583  1.46634  0.26236  1.23695  0.34287
    251   2.26325  2.76142  0.27569  2.60721    273 - -
          1.38629  1.38629  1.38629  1.38629
          0.05361  3.64583  3.64583  1.46634  0.26236  1.23695  0.34287
    252   0.35692  2.44783  2.13036  2.35498    274 - -
          1.38629  1.38629  1.38629  1.38629
          0.05361  3.64583  3.64583  1.46634  0.26236  1.23695  0.34287
    253   2.33957  0.39352  2.47134  1.93462    275 - -
          1.38629  1.38629  1.38629  1.38629
          0.05361  3.64583  3.64583  1.46634  0.26236  1.23695  0.34287
    254   0.29250  2.65811  2.28415  2.50514    276 - -
          1.38629  1.38629  1.38629  1.38629
          0.06414  3.64583  3.32361  1.46634  0.26236  1.23695  0.34287
    255   0.29927  2.63726  2.26711  2.48324    277 - -
          1.38629  1.38629  1.38629  1.38629
          0.02745  3.60914        *  1.46634  0.26236  0.00000        *
//
