HMMER3/b [3.0 | March 2010]
NAME  CladeG_Alignment_23April13
LENG  287
ALPH  DNA
RF    no
CS    no
MAP   yes
DATE  Thu Apr 25 10:06:59 2013
NSEQ  9
EFFN  1.489746
CKSUM 267368779
STATS LOCAL MSV       -9.9818  0.70166
STATS LOCAL VITERBI  -11.8887  0.70166
STATS LOCAL FORWARD   -4.4027  0.70166
HMM          A        C        G        T   
            m->m     m->i     m->d     i->m     i->i     d->m     d->d
  COMPO   1.58231  1.35123  1.31494  1.32017
          1.38629  1.38629  1.38629  1.38629
          0.05573  3.60814  3.60814  1.46634  0.26236  0.00000        *
      1   0.31914  2.57935  2.21900  2.42263      1 - -
          1.38629  1.38629  1.38629  1.38629
          0.05573  3.60814  3.60814  1.46634  0.26236  1.09861  0.40547
      2   0.31914  2.57935  2.21900  2.42263      2 - -
          1.38629  1.38629  1.38629  1.38629
          0.05573  3.60814  3.60814  1.46634  0.26236  1.09861  0.40547
      3   2.51091  0.32686  2.58571  2.10147      3 - -
          1.38629  1.38629  1.38629  1.38629
          0.05573  3.60814  3.60814  1.46634  0.26236  1.09861  0.40547
      4   2.51091  0.32686  2.58571  2.10147      4 - -
          1.38629  1.38629  1.38629  1.38629
          0.05573  3.60814  3.60814  1.46634  0.26236  1.09861  0.40547
      5   0.31914  2.57935  2.21900  2.42263      5 - -
          1.38629  1.38629  1.38629  1.38629
          0.05573  3.60814  3.60814  1.46634  0.26236  1.09861  0.40547
      6   0.31914  2.57935  2.21900  2.42263      6 - -
          1.38629  1.38629  1.38629  1.38629
          0.05573  3.60814  3.60814  1.46634  0.26236  1.09861  0.40547
      7   2.33456  2.08228  2.40484  0.37364      7 - -
          1.38629  1.38629  1.38629  1.38629
          0.05573  3.60814  3.60814  1.46634  0.26236  1.09861  0.40547
      8   2.28475  2.72352  0.28032  2.56374      8 - -
          1.38629  1.38629  1.38629  1.38629
          0.05573  3.60814  3.60814  1.46634  0.26236  1.09861  0.40547
      9   2.28475  2.72352  0.28032  2.56374      9 - -
          1.38629  1.38629  1.38629  1.38629
          0.05573  3.60814  3.60814  1.46634  0.26236  1.09861  0.40547
     10   2.51091  0.32686  2.58571  2.10147     10 - -
          1.38629  1.38629  1.38629  1.38629
          0.05573  3.60814  3.60814  1.46634  0.26236  1.09861  0.40547
     11   2.51091  0.32686  2.58571  2.10147     11 - -
          1.38629  1.38629  1.38629  1.38629
          0.05573  3.60814  3.60814  1.46634  0.26236  1.09861  0.40547
     12   2.33456  2.08228  2.40484  0.37364     12 - -
          1.38629  1.38629  1.38629  1.38629
          0.05573  3.60814  3.60814  1.46634  0.26236  1.09861  0.40547
     13   2.51091  0.32686  2.58571  2.10147     13 - -
          1.38629  1.38629  1.38629  1.38629
          0.05573  3.60814  3.60814  1.46634  0.26236  1.09861  0.40547
     14   2.51091  0.32686  2.58571  2.10147     14 - -
          1.38629  1.38629  1.38629  1.38629
          0.05573  3.60814  3.60814  1.46634  0.26236  1.09861  0.40547
     15   2.33456  2.08228  2.40484  0.37364     15 - -
          1.38629  1.38629  1.38629  1.38629
          0.05573  3.60814  3.60814  1.46634  0.26236  1.09861  0.40547
     16   2.28475  2.72352  0.28032  2.56374     16 - -
          1.38629  1.38629  1.38629  1.38629
          0.05573  3.60814  3.60814  1.46634  0.26236  1.09861  0.40547
     17   0.31914  2.57935  2.21900  2.42263     17 - -
          1.38629  1.38629  1.38629  1.38629
          0.05573  3.60814  3.60814  1.46634  0.26236  1.09861  0.40547
     18   0.42419  2.42306  1.87300  2.26927     18 - -
          1.38629  1.38629  1.38629  1.38629
          0.05573  3.60814  3.60814  1.46634  0.26236  1.09861  0.40547
     19   2.51091  0.32686  2.58571  2.10147     19 - -
          1.38629  1.38629  1.38629  1.38629
          0.05573  3.60814  3.60814  1.46634  0.26236  1.09861  0.40547
     20   2.28475  2.72352  0.28032  2.56374     20 - -
          1.38629  1.38629  1.38629  1.38629
          0.05573  3.60814  3.60814  1.46634  0.26236  1.09861  0.40547
     21   2.51091  0.32686  2.58571  2.10147     21 - -
          1.38629  1.38629  1.38629  1.38629
          0.05573  3.60814  3.60814  1.46634  0.26236  1.09861  0.40547
     22   2.28475  2.72352  0.28032  2.56374     22 - -
          1.38629  1.38629  1.38629  1.38629
          0.05573  3.60814  3.60814  1.46634  0.26236  1.09861  0.40547
     23   2.51091  0.32686  2.58571  2.10147     23 - -
          1.38629  1.38629  1.38629  1.38629
          0.05573  3.60814  3.60814  1.46634  0.26236  1.09861  0.40547
     24   0.31914  2.57935  2.21900  2.42263     24 - -
          1.38629  1.38629  1.38629  1.38629
          0.05573  3.60814  3.60814  1.46634  0.26236  1.09861  0.40547
     25   2.33456  2.08228  2.40484  0.37364     25 - -
          1.38629  1.38629  1.38629  1.38629
          0.05573  3.60814  3.60814  1.46634  0.26236  1.09861  0.40547
     26   2.33456  2.08228  2.40484  0.37364     26 - -
          1.38629  1.38629  1.38629  1.38629
          0.05573  3.60814  3.60814  1.46634  0.26236  1.09861  0.40547
     27   2.28475  2.72352  0.28032  2.56374     27 - -
          1.38629  1.38629  1.38629  1.38629
          0.05573  3.60814  3.60814  1.46634  0.26236  1.09861  0.40547
     28   2.51091  0.32686  2.58571  2.10147     28 - -
          1.38629  1.38629  1.38629  1.38629
          0.05573  3.60814  3.60814  1.46634  0.26236  1.09861  0.40547
     29   0.31914  2.57935  2.21900  2.42263     29 - -
          1.38629  1.38629  1.38629  1.38629
          0.05573  3.60814  3.60814  1.46634  0.26236  1.09861  0.40547
     30   2.51091  0.32686  2.58571  2.10147     30 - -
          1.38629  1.38629  1.38629  1.38629
          0.05573  3.60814  3.60814  1.46634  0.26236  1.09861  0.40547
     31   2.33456  2.08228  2.40484  0.37364     31 - -
          1.38629  1.38629  1.38629  1.38629
          0.05573  3.60814  3.60814  1.46634  0.26236  1.09861  0.40547
     32   2.51091  0.32686  2.58571  2.10147     32 - -
          1.38629  1.38629  1.38629  1.38629
          0.05573  3.60814  3.60814  1.46634  0.26236  1.09861  0.40547
     33   2.33456  2.08228  2.40484  0.37364     33 - -
          1.38629  1.38629  1.38629  1.38629
          0.05573  3.60814  3.60814  1.46634  0.26236  1.09861  0.40547
     34   2.33456  2.08228  2.40484  0.37364     34 - -
          1.38629  1.38629  1.38629  1.38629
          0.05573  3.60814  3.60814  1.46634  0.26236  1.09861  0.40547
     35   2.28475  2.72352  0.28032  2.56374     35 - -
          1.38629  1.38629  1.38629  1.38629
          0.05573  3.60814  3.60814  1.46634  0.26236  1.09861  0.40547
     36   2.28475  2.72352  0.28032  2.56374     36 - -
          1.38629  1.38629  1.38629  1.38629
          0.05573  3.60814  3.60814  1.46634  0.26236  1.09861  0.40547
     37   2.28475  2.72352  0.28032  2.56374     37 - -
          1.38629  1.38629  1.38629  1.38629
          0.05573  3.60814  3.60814  1.46634  0.26236  1.09861  0.40547
     38   2.51091  0.32686  2.58571  2.10147     38 - -
          1.38629  1.38629  1.38629  1.38629
          0.05573  3.60814  3.60814  1.46634  0.26236  1.09861  0.40547
     39   2.33456  2.08228  2.40484  0.37364     39 - -
          1.38629  1.38629  1.38629  1.38629
          0.05573  3.60814  3.60814  1.46634  0.26236  1.09861  0.40547
     40   2.33456  2.08228  2.40484  0.37364     40 - -
          1.38629  1.38629  1.38629  1.38629
          0.05573  3.60814  3.60814  1.46634  0.26236  1.09861  0.40547
     41   2.08557  1.36298  2.16032  0.68403     41 - -
          1.38629  1.38629  1.38629  1.38629
          0.05573  3.60814  3.60814  1.46634  0.26236  1.09861  0.40547
     42   2.51091  0.32686  2.58571  2.10147     42 - -
          1.38629  1.38629  1.38629  1.38629
          0.05573  3.60814  3.60814  1.46634  0.26236  1.09861  0.40547
     43   2.51091  0.32686  2.58571  2.10147     43 - -
          1.38629  1.38629  1.38629  1.38629
          0.05573  3.60814  3.60814  1.46634  0.26236  1.09861  0.40547
     44   1.84708  1.96512  2.13995  0.53699     44 - -
          1.38629  1.38629  1.38629  1.38629
          0.05573  3.60814  3.60814  1.46634  0.26236  1.09861  0.40547
     45   2.28475  2.72352  0.28032  2.56374     45 - -
          1.38629  1.38629  1.38629  1.38629
          0.05573  3.60814  3.60814  1.46634  0.26236  1.09861  0.40547
     46   0.31914  2.57935  2.21900  2.42263     46 - -
          1.38629  1.38629  1.38629  1.38629
          0.05573  3.60814  3.60814  1.46634  0.26236  1.09861  0.40547
     47   2.05975  2.11707  0.45046  2.16462     47 - -
          1.38629  1.38629  1.38629  1.38629
          0.05573  3.60814  3.60814  1.46634  0.26236  1.09861  0.40547
     48   0.31914  2.57935  2.21900  2.42263     48 - -
          1.38629  1.38629  1.38629  1.38629
          0.05573  3.60814  3.60814  1.46634  0.26236  1.09861  0.40547
     49   2.28475  2.72352  0.28032  2.56374     49 - -
          1.38629  1.38629  1.38629  1.38629
          0.05573  3.60814  3.60814  1.46634  0.26236  1.09861  0.40547
     50   2.33456  2.08228  2.40484  0.37364     50 - -
          1.38629  1.38629  1.38629  1.38629
          0.05573  3.60814  3.60814  1.46634  0.26236  1.09861  0.40547
     51   0.31914  2.57935  2.21900  2.42263     51 - -
          1.38629  1.38629  1.38629  1.38629
          0.05573  3.60814  3.60814  1.46634  0.26236  1.09861  0.40547
     52   2.33456  2.08228  2.40484  0.37364     52 - -
          1.38629  1.38629  1.38629  1.38629
          0.05573  3.60814  3.60814  1.46634  0.26236  1.09861  0.40547
     53   2.28475  2.72352  0.28032  2.56374     53 - -
          1.38629  1.38629  1.38629  1.38629
          0.05573  3.60814  3.60814  1.46634  0.26236  1.09861  0.40547
     54   2.33456  2.08228  2.40484  0.37364     54 - -
          1.38629  1.38629  1.38629  1.38629
          0.05573  3.60814  3.60814  1.46634  0.26236  1.09861  0.40547
     55   2.06757  1.96695  1.91645  0.53359     55 - -
          1.38629  1.38629  1.38629  1.38629
          0.05573  3.60814  3.60814  1.46634  0.26236  1.09861  0.40547
     56   2.33456  2.08228  2.40484  0.37364     56 - -
          1.38629  1.38629  1.38629  1.38629
          0.05573  3.60814  3.60814  1.46634  0.26236  1.09861  0.40547
     57   2.28475  2.72352  0.28032  2.56374     57 - -
          1.38629  1.38629  1.38629  1.38629
          0.05573  3.60814  3.60814  1.46634  0.26236  1.09861  0.40547
     58   2.51091  0.32686  2.58571  2.10147     58 - -
          1.38629  1.38629  1.38629  1.38629
          0.05573  3.60814  3.60814  1.46634  0.26236  1.09861  0.40547
     59   2.33456  2.08228  2.40484  0.37364     59 - -
          1.38629  1.38629  1.38629  1.38629
          0.05573  3.60814  3.60814  1.46634  0.26236  1.09861  0.40547
     60   2.33456  2.08228  2.40484  0.37364     60 - -
          1.38629  1.38629  1.38629  1.38629
          0.05573  3.60814  3.60814  1.46634  0.26236  1.09861  0.40547
     61   2.51091  0.32686  2.58571  2.10147     61 - -
          1.38629  1.38629  1.38629  1.38629
          0.05573  3.60814  3.60814  1.46634  0.26236  1.09861  0.40547
     62   0.31914  2.57935  2.21900  2.42263     62 - -
          1.38629  1.38629  1.38629  1.38629
          0.05573  3.60814  3.60814  1.46634  0.26236  1.09861  0.40547
     63   2.28475  2.72352  0.28032  2.56374     63 - -
          1.38629  1.38629  1.38629  1.38629
          0.05573  3.60814  3.60814  1.46634  0.26236  1.09861  0.40547
     64   2.33456  2.08228  2.40484  0.37364     64 - -
          1.38629  1.38629  1.38629  1.38629
          0.05573  3.60814  3.60814  1.46634  0.26236  1.09861  0.40547
     65   2.28475  2.72352  0.28032  2.56374     65 - -
          1.38629  1.38629  1.38629  1.38629
          0.05573  3.60814  3.60814  1.46634  0.26236  1.09861  0.40547
     66   2.51091  0.32686  2.58571  2.10147     66 - -
          1.38629  1.38629  1.38629  1.38629
          0.05573  3.60814  3.60814  1.46634  0.26236  1.09861  0.40547
     67   2.33456  2.08228  2.40484  0.37364     67 - -
          1.38629  1.38629  1.38629  1.38629
          0.05573  3.60814  3.60814  1.46634  0.26236  1.09861  0.40547
     68   2.33456  2.08228  2.40484  0.37364     68 - -
          1.38629  1.38629  1.38629  1.38629
          0.05573  3.60814  3.60814  1.46634  0.26236  1.09861  0.40547
     69   2.51091  0.32686  2.58571  2.10147     69 - -
          1.38629  1.38629  1.38629  1.38629
          0.05573  3.60814  3.60814  1.46634  0.26236  1.09861  0.40547
     70   2.33456  2.08228  2.40484  0.37364     70 - -
          1.38629  1.38629  1.38629  1.38629
          0.10382  3.60814  2.63792  1.46634  0.26236  1.09861  0.40547
     71   2.25017  2.01787  2.32123  0.41019     71 - -
          1.38629  1.38629  1.38629  1.38629
          0.05840  3.56272  3.56272  1.46634  0.26236  1.53440  0.24282
     72   2.11187  1.61571  2.18509  0.56604     72 - -
          1.38629  1.38629  1.38629  1.38629
          0.05840  3.56272  3.56272  1.46634  0.26236  1.53440  0.24282
     73   2.25017  2.01787  2.32123  0.41019     73 - -
          1.38629  1.38629  1.38629  1.38629
          0.05840  3.56272  3.56272  1.46634  0.26236  1.53440  0.24282
     74   2.19168  2.61651  0.31584  2.45298     74 - -
          1.38629  1.38629  1.38629  1.38629
          0.05840  3.56272  3.56272  1.46634  0.26236  1.53440  0.24282
     75   2.17622  0.57476  2.25222  1.52085     75 - -
          1.38629  1.38629  1.38629  1.38629
          0.05840  3.56272  3.56272  1.46634  0.26236  1.53440  0.24282
     76   2.25017  2.01787  2.32123  0.41019     76 - -
          1.38629  1.38629  1.38629  1.38629
          0.05840  3.56272  3.56272  1.46634  0.26236  1.53440  0.24282
     77   2.40466  0.36798  2.47983  2.01127     77 - -
          1.38629  1.38629  1.38629  1.38629
          0.05840  3.56272  3.56272  1.46634  0.26236  1.53440  0.24282
     78   0.77635  1.52580  1.86960  1.78208     78 - -
          1.38629  1.38629  1.38629  1.38629
          0.05840  3.56272  3.56272  1.46634  0.26236  1.53440  0.24282
     79   0.62336  2.07484  1.93425  1.64119     79 - -
          1.38629  1.38629  1.38629  1.38629
          0.05840  3.56272  3.56272  1.46634  0.26236  1.53440  0.24282
     80   2.40466  0.36798  2.47983  2.01127     80 - -
          1.38629  1.38629  1.38629  1.38629
          0.05840  3.56272  3.56272  1.46634  0.26236  1.53440  0.24282
     81   2.40466  0.36798  2.47983  2.01127     81 - -
          1.38629  1.38629  1.38629  1.38629
          0.15821  3.56272  2.13734  1.46634  0.26236  1.53440  0.24282
     82   1.01348  1.47944  1.51934  1.65850     82 - -
          1.38629  1.38629  1.38629  1.38629
          0.06433  3.46884  3.46884  1.46634  0.26236  0.62849  0.76228
     83   2.25017  2.01787  2.32123  0.41019     83 - -
          1.38629  1.38629  1.38629  1.38629
          0.05840  3.56272  3.56272  1.46634  0.26236  1.53440  0.24282
     84   1.93223  1.88547  1.71047  0.64887     84 - -
          1.38629  1.38629  1.38629  1.38629
          0.05840  3.56272  3.56272  1.46634  0.26236  1.53440  0.24282
     85   2.19168  2.61651  0.31584  2.45298     85 - -
          1.38629  1.38629  1.38629  1.38629
          0.05840  3.56272  3.56272  1.46634  0.26236  1.53440  0.24282
     86   2.40466  0.36798  2.47983  2.01127     86 - -
          1.38629  1.38629  1.38629  1.38629
          0.05840  3.56272  3.56272  1.46634  0.26236  1.53440  0.24282
     87   0.52817  2.28775  1.66028  2.13086     87 - -
          1.38629  1.38629  1.38629  1.38629
          0.05840  3.56272  3.56272  1.46634  0.26236  0.56417  0.84125
     88   0.31914  2.57935  2.21900  2.42263     88 - -
          1.38629  1.38629  1.38629  1.38629
          0.05573  3.60814  3.60814  1.46634  0.26236  1.09861  0.40547
     89   2.28475  2.72352  0.28032  2.56374     89 - -
          1.38629  1.38629  1.38629  1.38629
          0.05573  3.60814  3.60814  1.46634  0.26236  1.09861  0.40547
     90   2.28475  2.72352  0.28032  2.56374     90 - -
          1.49576  1.28764  1.28764  1.49576
          0.12433  2.41010  3.60814  0.90846  0.51608  1.09861  0.40547
     91   1.86905  1.97037  2.15129  0.52765     93 - -
          1.38629  1.38629  1.38629  1.38629
          0.05573  3.60814  3.60814  1.46634  0.26236  1.09861  0.40547
     92   2.05299  1.16697  2.12880  0.81790     94 - -
          1.38629  1.38629  1.38629  1.38629
          0.05573  3.60814  3.60814  1.46634  0.26236  1.09861  0.40547
     93   2.33456  2.08228  2.40484  0.37364     95 - -
          1.38629  1.38629  1.38629  1.38629
          0.05573  3.60814  3.60814  1.46634  0.26236  1.09861  0.40547
     94   2.28475  2.72352  0.28032  2.56374     96 - -
          1.38629  1.38629  1.38629  1.38629
          0.05573  3.60814  3.60814  1.46634  0.26236  1.09861  0.40547
     95   2.28475  2.72352  0.28032  2.56374     97 - -
          1.38629  1.38629  1.38629  1.38629
          0.05573  3.60814  3.60814  1.46634  0.26236  1.09861  0.40547
     96   2.51091  0.32686  2.58571  2.10147     98 - -
          1.38629  1.38629  1.38629  1.38629
          0.05573  3.60814  3.60814  1.46634  0.26236  1.09861  0.40547
     97   0.31914  2.57935  2.21900  2.42263     99 - -
          1.38629  1.38629  1.38629  1.38629
          0.05573  3.60814  3.60814  1.46634  0.26236  1.09861  0.40547
     98   1.22507  2.23021  0.74896  2.07228    100 - -
          1.38629  1.38629  1.38629  1.38629
          0.12433  3.60814  2.41010  1.46634  0.26236  1.09861  0.40547
     99   2.00589  1.24822  2.08124  0.79038    101 - -
          1.38629  1.38629  1.38629  1.38629
          0.05957  3.54339  3.54339  1.46634  0.26236  0.47223  0.97713
    100   2.28475  2.72352  0.28032  2.56374    102 - -
          1.38629  1.38629  1.38629  1.38629
          0.05573  3.60814  3.60814  1.46634  0.26236  1.09861  0.40547
    101   2.33037  0.45032  2.40568  1.74234    103 - -
          1.38629  1.38629  1.38629  1.38629
          0.05573  3.60814  3.60814  1.46634  0.26236  1.09861  0.40547
    102   0.56426  2.15146  1.99905  1.71791    104 - -
          1.38629  1.38629  1.38629  1.38629
          0.05573  3.60814  3.60814  1.46634  0.26236  1.09861  0.40547
    103   0.31914  2.57935  2.21900  2.42263    105 - -
          1.38629  1.38629  1.38629  1.38629
          0.05573  3.60814  3.60814  1.46634  0.26236  1.09861  0.40547
    104   2.33456  2.08228  2.40484  0.37364    106 - -
          1.38629  1.38629  1.38629  1.38629
          0.05573  3.60814  3.60814  1.46634  0.26236  1.09861  0.40547
    105   2.28475  2.72352  0.28032  2.56374    107 - -
          1.38629  1.38629  1.38629  1.38629
          0.05573  3.60814  3.60814  1.46634  0.26236  1.09861  0.40547
    106   2.51091  0.32686  2.58571  2.10147    108 - -
          1.38629  1.38629  1.38629  1.38629
          0.05573  3.60814  3.60814  1.46634  0.26236  1.09861  0.40547
    107   2.51091  0.32686  2.58571  2.10147    109 - -
          1.38629  1.38629  1.38629  1.38629
          0.05573  3.60814  3.60814  1.46634  0.26236  1.09861  0.40547
    108   2.06119  0.90697  2.13778  1.04687    110 - -
          1.38629  1.38629  1.38629  1.38629
          0.05573  3.60814  3.60814  1.46634  0.26236  1.09861  0.40547
    109   2.51091  0.32686  2.58571  2.10147    111 - -
          1.38629  1.38629  1.38629  1.38629
          0.05573  3.60814  3.60814  1.46634  0.26236  1.09861  0.40547
    110   2.51091  0.32686  2.58571  2.10147    112 - -
          1.38629  1.38629  1.38629  1.38629
          0.05573  3.60814  3.60814  1.46634  0.26236  1.09861  0.40547
    111   2.23073  1.80867  2.30231  0.46418    113 - -
          1.38629  1.38629  1.38629  1.38629
          0.05573  3.60814  3.60814  1.46634  0.26236  1.09861  0.40547
    112   2.18422  1.68461  2.25671  0.51546    114 - -
          1.38629  1.38629  1.38629  1.38629
          0.05573  3.60814  3.60814  1.46634  0.26236  1.09861  0.40547
    113   1.99387  1.94619  0.52210  2.05774    115 - -
          1.38629  1.38629  1.38629  1.38629
          0.05573  3.60814  3.60814  1.46634  0.26236  1.09861  0.40547
    114   1.18554  1.86845  1.89087  0.94388    116 - -
          1.38629  1.38629  1.38629  1.38629
          0.05573  3.60814  3.60814  1.46634  0.26236  1.09861  0.40547
    115   2.28475  2.72352  0.28032  2.56374    117 - -
          1.38629  1.38629  1.38629  1.38629
          0.05573  3.60814  3.60814  1.46634  0.26236  1.09861  0.40547
    116   2.51091  0.32686  2.58571  2.10147    118 - -
          1.38629  1.38629  1.38629  1.38629
          0.05573  3.60814  3.60814  1.46634  0.26236  1.09861  0.40547
    117   2.51091  0.32686  2.58571  2.10147    119 - -
          1.38629  1.38629  1.38629  1.38629
          0.05573  3.60814  3.60814  1.46634  0.26236  1.09861  0.40547
    118   2.33456  2.08228  2.40484  0.37364    120 - -
          1.38629  1.38629  1.38629  1.38629
          0.05573  3.60814  3.60814  1.46634  0.26236  1.09861  0.40547
    119   1.54786  0.90276  1.92957  1.44123    121 - -
          1.38629  1.38629  1.38629  1.38629
          0.05573  3.60814  3.60814  1.46634  0.26236  1.09861  0.40547
    120   2.28475  2.72352  0.28032  2.56374    122 - -
          1.38629  1.38629  1.38629  1.38629
          0.05573  3.60814  3.60814  1.46634  0.26236  1.09861  0.40547
    121   2.28475  2.72352  0.28032  2.56374    123 - -
          1.38629  1.38629  1.38629  1.38629
          0.05573  3.60814  3.60814  1.46634  0.26236  1.09861  0.40547
    122   2.51091  0.32686  2.58571  2.10147    124 - -
          1.38629  1.38629  1.38629  1.38629
          0.05573  3.60814  3.60814  1.46634  0.26236  1.09861  0.40547
    123   1.43836  1.93835  0.92891  1.49718    125 - -
          1.38629  1.38629  1.38629  1.38629
          0.05573  3.60814  3.60814  1.46634  0.26236  1.09861  0.40547
    124   2.33456  2.08228  2.40484  0.37364    126 - -
          1.38629  1.38629  1.38629  1.38629
          0.05573  3.60814  3.60814  1.46634  0.26236  1.09861  0.40547
    125   2.28475  2.72352  0.28032  2.56374    127 - -
          1.38629  1.38629  1.38629  1.38629
          0.05573  3.60814  3.60814  1.46634  0.26236  1.09861  0.40547
    126   2.18422  1.68461  2.25671  0.51546    128 - -
          1.38629  1.38629  1.38629  1.38629
          0.05573  3.60814  3.60814  1.46634  0.26236  1.09861  0.40547
    127   2.06630  1.26734  2.14161  0.74592    129 - -
          1.38629  1.38629  1.38629  1.38629
          0.05573  3.60814  3.60814  1.46634  0.26236  1.09861  0.40547
    128   2.28475  2.72352  0.28032  2.56374    130 - -
          1.38629  1.38629  1.38629  1.38629
          0.05573  3.60814  3.60814  1.46634  0.26236  1.09861  0.40547
    129   2.33456  2.08228  2.40484  0.37364    131 - -
          1.38629  1.38629  1.38629  1.38629
          0.05573  3.60814  3.60814  1.46634  0.26236  1.09861  0.40547
    130   2.33456  2.08228  2.40484  0.37364    132 - -
          1.38629  1.38629  1.38629  1.38629
          0.05573  3.60814  3.60814  1.46634  0.26236  1.09861  0.40547
    131   2.28475  2.72352  0.28032  2.56374    133 - -
          1.38629  1.38629  1.38629  1.38629
          0.15063  3.60814  2.18277  1.46634  0.26236  1.09861  0.40547
    132   2.09944  2.51288  0.35558  2.34684    134 - -
          1.38629  1.38629  1.38629  1.38629
          0.06111  3.51863  3.51863  1.46634  0.26236  0.39261  1.12483
    133   2.08038  0.82391  2.15704  1.13713    135 - -
          1.38629  1.38629  1.38629  1.38629
          0.05573  3.60814  3.60814  1.46634  0.26236  1.09861  0.40547
    134   1.59987  2.37352  0.51760  2.21662    136 - -
          1.38629  1.38629  1.38629  1.38629
          0.05573  3.60814  3.60814  1.46634  0.26236  1.09861  0.40547
    135   2.05299  1.16697  2.12880  0.81790    137 - -
          1.38629  1.38629  1.38629  1.38629
          0.05573  3.60814  3.60814  1.46634  0.26236  1.09861  0.40547
    136   1.09969  1.83038  1.06021  1.83077    138 - -
          1.38629  1.38629  1.38629  1.38629
          0.05573  3.60814  3.60814  1.46634  0.26236  1.09861  0.40547
    137   2.33456  2.08228  2.40484  0.37364    139 - -
          1.38629  1.38629  1.38629  1.38629
          0.05573  3.60814  3.60814  1.46634  0.26236  1.09861  0.40547
    138   2.26277  0.51294  2.33853  1.60577    140 - -
          1.38629  1.38629  1.38629  1.38629
          0.05573  3.60814  3.60814  1.46634  0.26236  1.09861  0.40547
    139   2.33456  2.08228  2.40484  0.37364    141 - -
          1.38629  1.38629  1.38629  1.38629
          0.05573  3.60814  3.60814  1.46634  0.26236  1.09861  0.40547
    140   2.28475  2.72352  0.28032  2.56374    142 - -
          1.38629  1.38629  1.38629  1.38629
          0.05573  3.60814  3.60814  1.46634  0.26236  1.09861  0.40547
    141   2.51091  0.32686  2.58571  2.10147    143 - -
          1.38629  1.38629  1.38629  1.38629
          0.05573  3.60814  3.60814  1.46634  0.26236  1.09861  0.40547
    142   2.51091  0.32686  2.58571  2.10147    144 - -
          1.38629  1.38629  1.38629  1.38629
          0.05573  3.60814  3.60814  1.46634  0.26236  1.09861  0.40547
    143   0.31914  2.57935  2.21900  2.42263    145 - -
          1.38629  1.38629  1.38629  1.38629
          0.05573  3.60814  3.60814  1.46634  0.26236  1.09861  0.40547
    144   0.53824  2.31072  1.60333  2.15581    146 - -
          1.38629  1.38629  1.38629  1.38629
          0.05573  3.60814  3.60814  1.46634  0.26236  1.09861  0.40547
    145   2.22669  1.79814  2.29834  0.46827    147 - -
          1.38629  1.38629  1.38629  1.38629
          0.05573  3.60814  3.60814  1.46634  0.26236  1.09861  0.40547
    146   2.28475  2.72352  0.28032  2.56374    148 - -
          1.38629  1.38629  1.38629  1.38629
          0.05573  3.60814  3.60814  1.46634  0.26236  1.09861  0.40547
    147   0.31914  2.57935  2.21900  2.42263    149 - -
          1.38629  1.38629  1.38629  1.38629
          0.05573  3.60814  3.60814  1.46634  0.26236  1.09861  0.40547
    148   2.51091  0.32686  2.58571  2.10147    150 - -
          1.38629  1.38629  1.38629  1.38629
          0.05573  3.60814  3.60814  1.46634  0.26236  1.09861  0.40547
    149   0.82901  2.19010  1.13747  2.03268    151 - -
          1.38629  1.38629  1.38629  1.38629
          0.05573  3.60814  3.60814  1.46634  0.26236  1.09861  0.40547
    150   1.18554  1.86845  1.89087  0.94388    152 - -
          1.38629  1.38629  1.38629  1.38629
          0.05573  3.60814  3.60814  1.46634  0.26236  1.09861  0.40547
    151   2.28475  2.72352  0.28032  2.56374    153 - -
          1.38629  1.38629  1.38629  1.38629
          0.05573  3.60814  3.60814  1.46634  0.26236  1.09861  0.40547
    152   2.51091  0.32686  2.58571  2.10147    154 - -
          1.38629  1.38629  1.38629  1.38629
          0.05573  3.60814  3.60814  1.46634  0.26236  1.09861  0.40547
    153   2.28475  2.72352  0.28032  2.56374    155 - -
          1.38629  1.38629  1.38629  1.38629
          0.05573  3.60814  3.60814  1.46634  0.26236  1.09861  0.40547
    154   0.31914  2.57935  2.21900  2.42263    156 - -
          1.38629  1.38629  1.38629  1.38629
          0.05573  3.60814  3.60814  1.46634  0.26236  1.09861  0.40547
    155   2.51091  0.32686  2.58571  2.10147    157 - -
          1.38629  1.38629  1.38629  1.38629
          0.05573  3.60814  3.60814  1.46634  0.26236  1.09861  0.40547
    156   1.65024  0.89041  1.95705  1.36167    158 - -
          1.38629  1.38629  1.38629  1.38629
          0.05573  3.60814  3.60814  1.46634  0.26236  1.09861  0.40547
    157   1.19035  1.86831  1.89169  0.93986    159 - -
          1.38629  1.38629  1.38629  1.38629
          0.05573  3.60814  3.60814  1.46634  0.26236  1.09861  0.40547
    158   1.80632  1.28676  0.95466  1.74506    160 - -
          1.38629  1.38629  1.38629  1.38629
          0.05573  3.60814  3.60814  1.46634  0.26236  1.09861  0.40547
    159   2.51091  0.32686  2.58571  2.10147    161 - -
          1.38629  1.38629  1.38629  1.38629
          0.05573  3.60814  3.60814  1.46634  0.26236  1.09861  0.40547
    160   1.10774  2.20246  0.84465  2.04442    162 - -
          1.38629  1.38629  1.38629  1.38629
          0.05573  3.60814  3.60814  1.46634  0.26236  1.09861  0.40547
    161   2.33456  2.08228  2.40484  0.37364    163 - -
          1.38629  1.38629  1.38629  1.38629
          0.05573  3.60814  3.60814  1.46634  0.26236  1.09861  0.40547
    162   2.28475  2.72352  0.28032  2.56374    164 - -
          1.38629  1.38629  1.38629  1.38629
          0.05573  3.60814  3.60814  1.46634  0.26236  1.09861  0.40547
    163   2.28475  2.72352  0.28032  2.56374    165 - -
          1.38629  1.38629  1.38629  1.38629
          0.05573  3.60814  3.60814  1.46634  0.26236  1.09861  0.40547
    164   2.51091  0.32686  2.58571  2.10147    166 - -
          1.38629  1.38629  1.38629  1.38629
          0.05573  3.60814  3.60814  1.46634  0.26236  1.09861  0.40547
    165   2.19676  0.59012  2.27295  1.46288    167 - -
          1.38629  1.38629  1.38629  1.38629
          0.25534  3.60814  1.61824  1.46634  0.26236  1.09861  0.40547
    166   1.78157  1.75195  1.61219  0.77927    168 - -
          1.38629  1.38629  1.38629  1.38629
          0.06763  3.42043  3.42043  1.46634  0.26236  2.23160  0.11357
    167   1.07074  1.77272  1.73521  1.16793    169 - -
          1.38629  1.38629  1.38629  1.38629
          0.06763  3.42043  3.42043  1.46634  0.26236  0.24171  1.53846
    168   2.33456  2.08228  2.40484  0.37364    170 - -
          1.38629  1.38629  1.38629  1.38629
          0.05573  3.60814  3.60814  1.46634  0.26236  1.09861  0.40547
    169   2.28475  2.72352  0.28032  2.56374    171 - -
          1.38629  1.38629  1.38629  1.38629
          0.05573  3.60814  3.60814  1.46634  0.26236  1.09861  0.40547
    170   2.33456  2.08228  2.40484  0.37364    172 - -
          1.38629  1.38629  1.38629  1.38629
          0.05573  3.60814  3.60814  1.46634  0.26236  1.09861  0.40547
    171   2.28475  2.72352  0.28032  2.56374    173 - -
          1.38629  1.38629  1.38629  1.38629
          0.05573  3.60814  3.60814  1.46634  0.26236  1.09861  0.40547
    172   2.51091  0.32686  2.58571  2.10147    174 - -
          1.38629  1.38629  1.38629  1.38629
          0.05573  3.60814  3.60814  1.46634  0.26236  1.09861  0.40547
    173   0.31914  2.57935  2.21900  2.42263    175 - -
          1.38629  1.38629  1.38629  1.38629
          0.05573  3.60814  3.60814  1.46634  0.26236  1.09861  0.40547
    174   0.47279  2.36901  1.74872  2.21485    176 - -
          1.38629  1.38629  1.38629  1.38629
          0.05573  3.60814  3.60814  1.46634  0.26236  1.09861  0.40547
    175   2.28475  2.72352  0.28032  2.56374    177 - -
          1.38629  1.38629  1.38629  1.38629
          0.05573  3.60814  3.60814  1.46634  0.26236  1.09861  0.40547
    176   2.51091  0.32686  2.58571  2.10147    178 - -
          1.38629  1.38629  1.38629  1.38629
          0.05573  3.60814  3.60814  1.46634  0.26236  1.09861  0.40547
    177   0.31914  2.57935  2.21900  2.42263    179 - -
          1.38629  1.38629  1.38629  1.38629
          0.05573  3.60814  3.60814  1.46634  0.26236  1.09861  0.40547
    178   1.71334  1.93430  2.07351  0.59880    180 - -
          1.38629  1.38629  1.38629  1.38629
          0.05573  3.60814  3.60814  1.46634  0.26236  1.09861  0.40547
    179   2.28475  2.72352  0.28032  2.56374    181 - -
          1.38629  1.38629  1.38629  1.38629
          0.05573  3.60814  3.60814  1.46634  0.26236  1.09861  0.40547
    180   2.51091  0.32686  2.58571  2.10147    182 - -
          1.38629  1.38629  1.38629  1.38629
          0.05573  3.60814  3.60814  1.46634  0.26236  1.09861  0.40547
    181   0.31914  2.57935  2.21900  2.42263    183 - -
          1.38629  1.38629  1.38629  1.38629
          0.05573  3.60814  3.60814  1.46634  0.26236  1.09861  0.40547
    182   2.51091  0.32686  2.58571  2.10147    184 - -
          1.38629  1.38629  1.38629  1.38629
          0.05573  3.60814  3.60814  1.46634  0.26236  1.09861  0.40547
    183   2.28475  2.72352  0.28032  2.56374    185 - -
          1.38629  1.38629  1.38629  1.38629
          0.05573  3.60814  3.60814  1.46634  0.26236  1.09861  0.40547
    184   2.18422  1.68461  2.25671  0.51546    186 - -
          1.38629  1.38629  1.38629  1.38629
          0.05573  3.60814  3.60814  1.46634  0.26236  1.09861  0.40547
    185   2.28475  2.72352  0.28032  2.56374    187 - -
          1.38629  1.38629  1.38629  1.38629
          0.05573  3.60814  3.60814  1.46634  0.26236  1.09861  0.40547
    186   2.51091  0.32686  2.58571  2.10147    188 - -
          1.38629  1.38629  1.38629  1.38629
          0.05573  3.60814  3.60814  1.46634  0.26236  1.09861  0.40547
    187   2.00075  1.93646  1.78066  0.59416    189 - -
          1.38629  1.38629  1.38629  1.38629
          0.05573  3.60814  3.60814  1.46634  0.26236  1.09861  0.40547
    188   2.33456  2.08228  2.40484  0.37364    190 - -
          1.38629  1.38629  1.38629  1.38629
          0.05573  3.60814  3.60814  1.46634  0.26236  1.09861  0.40547
    189   1.57398  1.90567  2.01056  0.67306    191 - -
          1.38629  1.38629  1.38629  1.38629
          0.05573  3.60814  3.60814  1.46634  0.26236  1.09861  0.40547
    190   1.76851  1.65688  1.18726  1.09774    192 - -
          1.38629  1.38629  1.38629  1.38629
          0.05573  3.60814  3.60814  1.46634  0.26236  1.09861  0.40547
    191   2.33456  2.08228  2.40484  0.37364    193 - -
          1.38629  1.38629  1.38629  1.38629
          0.15050  3.60814  2.18374  1.46634  0.26236  1.09861  0.40547
    192   2.16952  1.95452  2.24069  0.44981    194 - -
          1.38629  1.38629  1.38629  1.38629
          0.06110  3.51875  3.51875  1.46634  0.26236  0.39292  1.12418
    193   2.28475  2.72352  0.28032  2.56374    195 - -
          1.38629  1.38629  1.38629  1.38629
          0.05573  3.60814  3.60814  1.46634  0.26236  1.09861  0.40547
    194   2.33456  2.08228  2.40484  0.37364    196 - -
          1.87578  1.60123  1.38629  0.92857
          0.25534  1.61824  3.60814  1.39350  0.28529  1.09861  0.40547
    195   2.33456  2.08228  2.40484  0.37364    201 - -
          1.38629  1.38629  1.38629  1.38629
          0.05573  3.60814  3.60814  1.46634  0.26236  1.09861  0.40547
    196   2.33456  2.08228  2.40484  0.37364    202 - -
          1.38629  1.38629  1.38629  1.38629
          0.05573  3.60814  3.60814  1.46634  0.26236  1.09861  0.40547
    197   2.51091  0.32686  2.58571  2.10147    203 - -
          1.38629  1.38629  1.38629  1.38629
          0.05573  3.60814  3.60814  1.46634  0.26236  1.09861  0.40547
    198   0.31914  2.57935  2.21900  2.42263    204 - -
          1.38629  1.38629  1.38629  1.38629
          0.05573  3.60814  3.60814  1.46634  0.26236  1.09861  0.40547
    199   1.81270  1.02290  1.21727  1.70815    205 - -
          1.38629  1.38629  1.38629  1.38629
          0.12433  3.60814  2.41010  1.46634  0.26236  1.09861  0.40547
    200   1.08522  1.83888  1.83231  1.06963    206 - -
          1.38629  1.38629  1.38629  1.38629
          0.05957  3.54339  3.54339  1.46634  0.26236  0.47223  0.97713
    201   2.28475  2.72352  0.28032  2.56374    207 - -
          1.38629  1.38629  1.38629  1.38629
          0.05573  3.60814  3.60814  1.46634  0.26236  1.09861  0.40547
    202   2.51091  0.32686  2.58571  2.10147    208 - -
          1.38629  1.38629  1.38629  1.38629
          0.05573  3.60814  3.60814  1.46634  0.26236  1.09861  0.40547
    203   0.41728  2.43159  1.89208  2.27783    209 - -
          1.38629  1.38629  1.38629  1.38629
          0.12433  3.60814  2.41010  1.46634  0.26236  1.09861  0.40547
    204   0.97971  2.13607  0.99995  1.97643    210 - -
          1.38629  1.38629  1.38629  1.38629
          0.05957  3.54339  3.54339  1.46634  0.26236  0.47223  0.97713
    205   0.70471  1.59879  1.92358  1.84819    211 - -
          1.38629  1.38629  1.38629  1.38629
          0.05573  3.60814  3.60814  1.46634  0.26236  1.09861  0.40547
    206   2.51091  0.32686  2.58571  2.10147    212 - -
          1.38629  1.38629  1.38629  1.38629
          0.25534  3.60814  1.61824  1.46634  0.26236  1.09861  0.40547
    207   0.50576  2.19470  1.86900  2.03039    213 - -
          1.38629  1.38629  1.38629  1.38629
          0.06763  3.42043  3.42043  1.46634  0.26236  0.24171  1.53846
    208   2.33456  2.08228  2.40484  0.37364    214 - -
          1.38629  1.38629  1.38629  1.38629
          0.05573  3.60814  3.60814  1.46634  0.26236  1.09861  0.40547
    209   2.33456  2.08228  2.40484  0.37364    215 - -
          1.38629  1.38629  1.38629  1.38629
          0.05573  3.60814  3.60814  1.46634  0.26236  1.09861  0.40547
    210   2.51091  0.32686  2.58571  2.10147    216 - -
          1.38629  1.38629  1.38629  1.38629
          0.05573  3.60814  3.60814  1.46634  0.26236  1.09861  0.40547
    211   1.53805  1.59006  1.92619  0.83106    217 - -
          1.38629  1.38629  1.38629  1.38629
          0.05573  3.60814  3.60814  1.46634  0.26236  1.09861  0.40547
    212   2.08093  0.82202  2.15759  1.13932    218 - -
          1.38629  1.38629  1.38629  1.38629
          0.05573  3.60814  3.60814  1.46634  0.26236  1.09861  0.40547
    213   2.51091  0.32686  2.58571  2.10147    219 - -
          1.38629  1.38629  1.38629  1.38629
          0.05573  3.60814  3.60814  1.46634  0.26236  1.09861  0.40547
    214   1.22566  2.23038  0.74851  2.07244    220 - -
          1.38629  1.38629  1.38629  1.38629
          0.05573  3.60814  3.60814  1.46634  0.26236  1.09861  0.40547
    215   1.80632  1.28676  0.95466  1.74506    221 - -
          1.38629  1.38629  1.38629  1.38629
          0.05573  3.60814  3.60814  1.46634  0.26236  1.09861  0.40547
    216   0.93809  1.27911  1.87167  1.73459    222 - -
          1.38629  1.38629  1.38629  1.38629
          0.05573  3.60814  3.60814  1.46634  0.26236  1.09861  0.40547
    217   0.31914  2.57935  2.21900  2.42263    223 - -
          1.38629  1.38629  1.38629  1.38629
          0.05573  3.60814  3.60814  1.46634  0.26236  1.09861  0.40547
    218   2.33456  2.08228  2.40484  0.37364    224 - -
          1.38629  1.38629  1.38629  1.38629
          0.05573  3.60814  3.60814  1.46634  0.26236  1.09861  0.40547
    219   1.11388  2.20364  0.83929  2.04561    225 - -
          1.38629  1.38629  1.38629  1.38629
          0.05573  3.60814  3.60814  1.46634  0.26236  1.09861  0.40547
    220   1.81851  1.87276  1.22754  0.93900    226 - -
          1.72625  1.51813  1.19910  1.19910
          0.12433  2.41010  3.60814  1.86421  0.16844  1.09861  0.40547
    221   2.28475  2.72352  0.28032  2.56374    234 - -
          1.38629  1.38629  1.38629  1.38629
          0.05573  3.60814  3.60814  1.46634  0.26236  1.09861  0.40547
    222   2.08105  0.82159  2.15772  1.13981    235 - -
          1.38629  1.38629  1.38629  1.38629
          0.05573  3.60814  3.60814  1.46634  0.26236  1.09861  0.40547
    223   2.28475  2.72352  0.28032  2.56374    236 - -
          1.38629  1.38629  1.38629  1.38629
          0.05573  3.60814  3.60814  1.46634  0.26236  1.09861  0.40547
    224   1.93714  1.90795  1.63712  0.66756    237 - -
          1.38629  1.38629  1.38629  1.38629
          0.05573  3.60814  3.60814  1.46634  0.26236  1.09861  0.40547
    225   2.28475  2.72352  0.28032  2.56374    238 - -
          1.38629  1.38629  1.38629  1.38629
          0.05573  3.60814  3.60814  1.46634  0.26236  1.09861  0.40547
    226   2.28475  2.72352  0.28032  2.56374    239 - -
          1.38629  1.38629  1.38629  1.38629
          0.05573  3.60814  3.60814  1.46634  0.26236  1.09861  0.40547
    227   2.28475  2.72352  0.28032  2.56374    240 - -
          1.38629  1.38629  1.38629  1.38629
          0.05573  3.60814  3.60814  1.46634  0.26236  1.09861  0.40547
    228   2.51091  0.32686  2.58571  2.10147    241 - -
          1.38629  1.38629  1.38629  1.38629
          0.05573  3.60814  3.60814  1.46634  0.26236  1.09861  0.40547
    229   1.10774  2.20246  0.84465  2.04442    242 - -
          1.38629  1.38629  1.38629  1.38629
          0.05573  3.60814  3.60814  1.46634  0.26236  1.09861  0.40547
    230   0.31914  2.57935  2.21900  2.42263    243 - -
          1.38629  1.38629  1.38629  1.38629
          0.05573  3.60814  3.60814  1.46634  0.26236  1.09861  0.40547
    231   2.19648  0.59050  2.27267  1.46224    244 - -
          1.38629  1.38629  1.38629  1.38629
          0.05573  3.60814  3.60814  1.46634  0.26236  1.09861  0.40547
    232   2.28475  2.72352  0.28032  2.56374    245 - -
          1.38629  1.38629  1.38629  1.38629
          0.05573  3.60814  3.60814  1.46634  0.26236  1.09861  0.40547
    233   2.33456  2.08228  2.40484  0.37364    246 - -
          1.38629  1.38629  1.38629  1.38629
          0.05573  3.60814  3.60814  1.46634  0.26236  1.09861  0.40547
    234   2.28475  2.72352  0.28032  2.56374    247 - -
          1.38629  1.38629  1.38629  1.38629
          0.05573  3.60814  3.60814  1.46634  0.26236  1.09861  0.40547
    235   1.75949  2.45070  0.44504  2.29427    248 - -
          1.38629  1.38629  1.38629  1.38629
          0.05573  3.60814  3.60814  1.46634  0.26236  1.09861  0.40547
    236   2.51091  0.32686  2.58571  2.10147    249 - -
          1.38629  1.38629  1.38629  1.38629
          0.05573  3.60814  3.60814  1.46634  0.26236  1.09861  0.40547
    237   2.33456  2.08228  2.40484  0.37364    250 - -
          1.38629  1.38629  1.38629  1.38629
          0.05573  3.60814  3.60814  1.46634  0.26236  1.09861  0.40547
    238   2.28475  2.72352  0.28032  2.56374    251 - -
          1.38629  1.38629  1.38629  1.38629
          0.05573  3.60814  3.60814  1.46634  0.26236  1.09861  0.40547
    239   0.31914  2.57935  2.21900  2.42263    252 - -
          1.38629  1.38629  1.38629  1.38629
          0.05573  3.60814  3.60814  1.46634  0.26236  1.09861  0.40547
    240   2.33456  2.08228  2.40484  0.37364    253 - -
          1.38629  1.38629  1.38629  1.38629
          0.05573  3.60814  3.60814  1.46634  0.26236  1.09861  0.40547
    241   2.28475  2.72352  0.28032  2.56374    254 - -
          1.38629  1.38629  1.38629  1.38629
          0.05573  3.60814  3.60814  1.46634  0.26236  1.09861  0.40547
    242   2.51091  0.32686  2.58571  2.10147    255 - -
          1.38629  1.38629  1.38629  1.38629
          0.05573  3.60814  3.60814  1.46634  0.26236  1.09861  0.40547
    243   2.22301  1.78850  2.29473  0.47206    256 - -
          1.38629  1.38629  1.38629  1.38629
          0.05573  3.60814  3.60814  1.46634  0.26236  1.09861  0.40547
    244   2.33456  2.08228  2.40484  0.37364    257 - -
          1.38629  1.38629  1.38629  1.38629
          0.05573  3.60814  3.60814  1.46634  0.26236  1.09861  0.40547
    245   2.28475  2.72352  0.28032  2.56374    258 - -
          1.38629  1.38629  1.38629  1.38629
          0.05573  3.60814  3.60814  1.46634  0.26236  1.09861  0.40547
    246   0.93358  1.28449  1.87200  1.73587    259 - -
          1.38629  1.38629  1.38629  1.38629
          0.05573  3.60814  3.60814  1.46634  0.26236  1.09861  0.40547
    247   2.28475  2.72352  0.28032  2.56374    260 - -
          1.38629  1.38629  1.38629  1.38629
          0.05573  3.60814  3.60814  1.46634  0.26236  1.09861  0.40547
    248   1.80632  1.28676  0.95466  1.74506    261 - -
          1.38629  1.38629  1.38629  1.38629
          0.05573  3.60814  3.60814  1.46634  0.26236  1.09861  0.40547
    249   0.31914  2.57935  2.21900  2.42263    262 - -
          1.38629  1.38629  1.38629  1.38629
          0.05573  3.60814  3.60814  1.46634  0.26236  1.09861  0.40547
    250   2.51091  0.32686  2.58571  2.10147    263 - -
          1.38629  1.38629  1.38629  1.38629
          0.05573  3.60814  3.60814  1.46634  0.26236  1.09861  0.40547
    251   2.28475  2.72352  0.28032  2.56374    264 - -
          1.38629  1.38629  1.38629  1.38629
          0.05573  3.60814  3.60814  1.46634  0.26236  1.09861  0.40547
    252   2.51091  0.32686  2.58571  2.10147    265 - -
          1.38629  1.38629  1.38629  1.38629
          0.05573  3.60814  3.60814  1.46634  0.26236  1.09861  0.40547
    253   2.28475  2.72352  0.28032  2.56374    266 - -
          1.38629  1.38629  1.38629  1.38629
          0.05573  3.60814  3.60814  1.46634  0.26236  1.09861  0.40547
    254   2.51091  0.32686  2.58571  2.10147    267 - -
          1.38629  1.38629  1.38629  1.38629
          0.05573  3.60814  3.60814  1.46634  0.26236  1.09861  0.40547
    255   2.05299  1.16697  2.12880  0.81790    268 - -
          1.38629  1.38629  1.38629  1.38629
          0.05573  3.60814  3.60814  1.46634  0.26236  1.09861  0.40547
    256   1.35214  2.27092  0.65923  2.11324    269 - -
          1.38629  1.38629  1.38629  1.38629
          0.05573  3.60814  3.60814  1.46634  0.26236  1.09861  0.40547
    257   2.06627  2.13384  0.44411  2.17537    270 - -
          1.38629  1.38629  1.38629  1.38629
          0.05573  3.60814  3.60814  1.46634  0.26236  1.09861  0.40547
    258   1.71334  1.93430  2.07351  0.59880    271 - -
          1.38629  1.38629  1.38629  1.38629
          0.05573  3.60814  3.60814  1.46634  0.26236  1.09861  0.40547
    259   2.28475  2.72352  0.28032  2.56374    272 - -
          1.38629  1.38629  1.38629  1.38629
          0.05573  3.60814  3.60814  1.46634  0.26236  1.09861  0.40547
    260   2.05299  1.16697  2.12880  0.81790    273 - -
          1.38629  1.38629  1.38629  1.38629
          0.05573  3.60814  3.60814  1.46634  0.26236  1.09861  0.40547
    261   2.28475  2.72352  0.28032  2.56374    274 - -
          1.38629  1.38629  1.38629  1.38629
          0.05573  3.60814  3.60814  1.46634  0.26236  1.09861  0.40547
    262   2.06033  0.91192  2.13692  1.04180    275 - -
          1.38629  1.38629  1.38629  1.38629
          0.05573  3.60814  3.60814  1.46634  0.26236  1.09861  0.40547
    263   2.33456  2.08228  2.40484  0.37364    276 - -
          1.38629  1.38629  1.38629  1.38629
          0.05573  3.60814  3.60814  1.46634  0.26236  1.09861  0.40547
    264   2.28475  2.72352  0.28032  2.56374    277 - -
          1.38629  1.38629  1.38629  1.38629
          0.05573  3.60814  3.60814  1.46634  0.26236  1.09861  0.40547
    265   1.77604  0.59300  2.13160  1.83647    278 - -
          1.38629  1.38629  1.38629  1.38629
          0.05573  3.60814  3.60814  1.46634  0.26236  1.09861  0.40547
    266   2.33456  2.08228  2.40484  0.37364    279 - -
          1.38629  1.38629  1.38629  1.38629
          0.12433  3.60814  2.41010  1.46634  0.26236  1.09861  0.40547
    267   2.21457  1.99013  2.28577  0.42706    280 - -
          1.38629  1.38629  1.38629  1.38629
          0.05957  3.54339  3.54339  1.46634  0.26236  0.47223  0.97713
    268   2.28475  2.72352  0.28032  2.56374    281 - -
          1.38629  1.38629  1.38629  1.38629
          0.05573  3.60814  3.60814  1.46634  0.26236  1.09861  0.40547
    269   2.51091  0.32686  2.58571  2.10147    282 - -
          1.38629  1.38629  1.38629  1.38629
          0.05573  3.60814  3.60814  1.46634  0.26236  1.09861  0.40547
    270   0.31914  2.57935  2.21900  2.42263    283 - -
          1.38629  1.38629  1.38629  1.38629
          0.05573  3.60814  3.60814  1.46634  0.26236  1.09861  0.40547
    271   2.51091  0.32686  2.58571  2.10147    284 - -
          1.38629  1.38629  1.38629  1.38629
          0.05573  3.60814  3.60814  1.46634  0.26236  1.09861  0.40547
    272   2.05299  1.16697  2.12880  0.81790    285 - -
          1.38629  1.38629  1.38629  1.38629
          0.05573  3.60814  3.60814  1.46634  0.26236  1.09861  0.40547
    273   2.33456  2.08228  2.40484  0.37364    286 - -
          1.38629  1.38629  1.38629  1.38629
          0.05573  3.60814  3.60814  1.46634  0.26236  1.09861  0.40547
    274   2.33057  0.45014  2.40589  1.74275    287 - -
          1.38629  1.38629  1.38629  1.38629
          0.12433  3.60814  2.41010  1.46634  0.26236  1.09861  0.40547
    275   1.99577  1.04956  2.07186  0.94663    288 - -
          1.38629  1.38629  1.38629  1.38629
          0.05957  3.54339  3.54339  1.46634  0.26236  1.67028  0.20850
    276   2.21457  1.99013  2.28577  0.42706    289 - -
          1.38629  1.38629  1.38629  1.38629
          0.05957  3.54339  3.54339  1.46634  0.26236  0.47223  0.97713
    277   2.51091  0.32686  2.58571  2.10147    290 - -
          1.38629  1.38629  1.38629  1.38629
          0.05573  3.60814  3.60814  1.46634  0.26236  1.09861  0.40547
    278   2.51091  0.32686  2.58571  2.10147    291 - -
          1.38629  1.38629  1.38629  1.38629
          0.05573  3.60814  3.60814  1.46634  0.26236  1.09861  0.40547
    279   0.31914  2.57935  2.21900  2.42263    292 - -
          1.38629  1.38629  1.38629  1.38629
          0.05573  3.60814  3.60814  1.46634  0.26236  1.09861  0.40547
    280   2.33456  2.08228  2.40484  0.37364    293 - -
          1.38629  1.38629  1.38629  1.38629
          0.05573  3.60814  3.60814  1.46634  0.26236  1.09861  0.40547
    281   0.31914  2.57935  2.21900  2.42263    294 - -
          1.38629  1.38629  1.38629  1.38629
          0.05573  3.60814  3.60814  1.46634  0.26236  1.09861  0.40547
    282   2.28475  2.72352  0.28032  2.56374    295 - -
          1.38629  1.38629  1.38629  1.38629
          0.05573  3.60814  3.60814  1.46634  0.26236  1.09861  0.40547
    283   2.51091  0.32686  2.58571  2.10147    296 - -
          1.38629  1.38629  1.38629  1.38629
          0.05573  3.60814  3.60814  1.46634  0.26236  1.09861  0.40547
    284   0.31914  2.57935  2.21900  2.42263    297 - -
          1.38629  1.38629  1.38629  1.38629
          0.05573  3.60814  3.60814  1.46634  0.26236  1.09861  0.40547
    285   2.33456  2.08228  2.40484  0.37364    298 - -
          1.38629  1.38629  1.38629  1.38629
          0.05573  3.60814  3.60814  1.46634  0.26236  1.09861  0.40547
    286   2.28475  2.72352  0.28032  2.56374    299 - -
          1.38629  1.38629  1.38629  1.38629
          0.05573  3.60814  3.60814  1.46634  0.26236  1.09861  0.40547
    287   0.31914  2.57935  2.21900  2.42263    300 - -
          1.38629  1.38629  1.38629  1.38629
          0.02825  3.58067        *  1.46634  0.26236  0.00000        *
//
