HMMER3/b [3.0 | March 2010]
NAME  CladeH_Alignment_23April13
LENG  290
ALPH  DNA
RF    no
CS    no
MAP   yes
DATE  Thu Apr 25 10:07:03 2013
NSEQ  12
EFFN  1.368164
CKSUM 4289445521
STATS LOCAL MSV      -10.6827  0.70156
STATS LOCAL VITERBI  -11.9154  0.70156
STATS LOCAL FORWARD   -4.9915  0.70156
HMM          A        C        G        T   
            m->m     m->i     m->d     i->m     i->i     d->m     d->d
  COMPO   1.52637  1.37754  1.36029  1.29502
          1.38629  1.38629  1.38629  1.38629
          0.05768  3.57464  3.57464  1.46634  0.26236  0.00000        *
      1   0.34542  2.50951  2.15941  2.34997      1 - -
          1.38629  1.38629  1.38629  1.38629
          0.05768  3.57464  3.57464  1.46634  0.26236  1.09861  0.40547
      2   0.34542  2.50951  2.15941  2.34997      2 - -
          1.38629  1.38629  1.38629  1.38629
          0.05768  3.57464  3.57464  1.46634  0.26236  1.09861  0.40547
      3   2.43238  0.35666  2.50753  2.03488      3 - -
          1.38629  1.38629  1.38629  1.38629
          0.05768  3.57464  3.57464  1.46634  0.26236  1.09861  0.40547
      4   2.43238  0.35666  2.50753  2.03488      4 - -
          1.38629  1.38629  1.38629  1.38629
          0.05768  3.57464  3.57464  1.46634  0.26236  1.09861  0.40547
      5   0.34542  2.50951  2.15941  2.34997      5 - -
          1.38629  1.38629  1.38629  1.38629
          0.05768  3.57464  3.57464  1.46634  0.26236  1.09861  0.40547
      6   0.34542  2.50951  2.15941  2.34997      6 - -
          1.38629  1.38629  1.38629  1.38629
          0.05768  3.57464  3.57464  1.46634  0.26236  1.09861  0.40547
      7   2.27221  2.03488  2.34313  0.40019      7 - -
          1.38629  1.38629  1.38629  1.38629
          0.05768  3.57464  3.57464  1.46634  0.26236  1.09861  0.40547
      8   2.21632  2.64459  0.30602  2.48193      8 - -
          1.38629  1.38629  1.38629  1.38629
          0.05768  3.57464  3.57464  1.46634  0.26236  1.09861  0.40547
      9   2.21632  2.64459  0.30602  2.48193      9 - -
          1.38629  1.38629  1.38629  1.38629
          0.05768  3.57464  3.57464  1.46634  0.26236  1.09861  0.40547
     10   2.43238  0.35666  2.50753  2.03488     10 - -
          1.38629  1.38629  1.38629  1.38629
          0.05768  3.57464  3.57464  1.46634  0.26236  1.09861  0.40547
     11   2.43238  0.35666  2.50753  2.03488     11 - -
          1.38629  1.38629  1.38629  1.38629
          0.05768  3.57464  3.57464  1.46634  0.26236  1.09861  0.40547
     12   2.27221  2.03488  2.34313  0.40019     12 - -
          1.38629  1.38629  1.38629  1.38629
          0.05768  3.57464  3.57464  1.46634  0.26236  1.09861  0.40547
     13   2.43238  0.35666  2.50753  2.03488     13 - -
          1.38629  1.38629  1.38629  1.38629
          0.05768  3.57464  3.57464  1.46634  0.26236  1.09861  0.40547
     14   2.43238  0.35666  2.50753  2.03488     14 - -
          1.38629  1.38629  1.38629  1.38629
          0.05768  3.57464  3.57464  1.46634  0.26236  1.09861  0.40547
     15   2.27221  2.03488  2.34313  0.40019     15 - -
          1.38629  1.38629  1.38629  1.38629
          0.05768  3.57464  3.57464  1.46634  0.26236  1.09861  0.40547
     16   2.21632  2.64459  0.30602  2.48193     16 - -
          1.38629  1.38629  1.38629  1.38629
          0.05768  3.57464  3.57464  1.46634  0.26236  1.09861  0.40547
     17   0.34542  2.50951  2.15941  2.34997     17 - -
          1.38629  1.38629  1.38629  1.38629
          0.05768  3.57464  3.57464  1.46634  0.26236  1.09861  0.40547
     18   0.34542  2.50951  2.15941  2.34997     18 - -
          1.38629  1.38629  1.38629  1.38629
          0.05768  3.57464  3.57464  1.46634  0.26236  1.09861  0.40547
     19   2.43238  0.35666  2.50753  2.03488     19 - -
          1.38629  1.38629  1.38629  1.38629
          0.05768  3.57464  3.57464  1.46634  0.26236  1.09861  0.40547
     20   2.21632  2.64459  0.30602  2.48193     20 - -
          1.38629  1.38629  1.38629  1.38629
          0.05768  3.57464  3.57464  1.46634  0.26236  1.09861  0.40547
     21   2.27221  2.03488  2.34313  0.40019     21 - -
          1.38629  1.38629  1.38629  1.38629
          0.05768  3.57464  3.57464  1.46634  0.26236  1.09861  0.40547
     22   2.21632  2.64459  0.30602  2.48193     22 - -
          1.38629  1.38629  1.38629  1.38629
          0.05768  3.57464  3.57464  1.46634  0.26236  1.09861  0.40547
     23   2.43238  0.35666  2.50753  2.03488     23 - -
          1.38629  1.38629  1.38629  1.38629
          0.05768  3.57464  3.57464  1.46634  0.26236  1.09861  0.40547
     24   2.21632  2.64459  0.30602  2.48193     24 - -
          1.38629  1.38629  1.38629  1.38629
          0.05768  3.57464  3.57464  1.46634  0.26236  1.09861  0.40547
     25   2.27221  2.03488  2.34313  0.40019     25 - -
          1.38629  1.38629  1.38629  1.38629
          0.05768  3.57464  3.57464  1.46634  0.26236  1.09861  0.40547
     26   2.27221  2.03488  2.34313  0.40019     26 - -
          1.38629  1.38629  1.38629  1.38629
          0.05768  3.57464  3.57464  1.46634  0.26236  1.09861  0.40547
     27   2.21632  2.64459  0.30602  2.48193     27 - -
          1.38629  1.38629  1.38629  1.38629
          0.05768  3.57464  3.57464  1.46634  0.26236  1.09861  0.40547
     28   2.43238  0.35666  2.50753  2.03488     28 - -
          1.38629  1.38629  1.38629  1.38629
          0.05768  3.57464  3.57464  1.46634  0.26236  1.09861  0.40547
     29   0.34542  2.50951  2.15941  2.34997     29 - -
          1.38629  1.38629  1.38629  1.38629
          0.05768  3.57464  3.57464  1.46634  0.26236  1.09861  0.40547
     30   2.43238  0.35666  2.50753  2.03488     30 - -
          1.38629  1.38629  1.38629  1.38629
          0.05768  3.57464  3.57464  1.46634  0.26236  1.09861  0.40547
     31   2.27221  2.03488  2.34313  0.40019     31 - -
          1.38629  1.38629  1.38629  1.38629
          0.05768  3.57464  3.57464  1.46634  0.26236  1.09861  0.40547
     32   2.43238  0.35666  2.50753  2.03488     32 - -
          1.38629  1.38629  1.38629  1.38629
          0.05768  3.57464  3.57464  1.46634  0.26236  1.09861  0.40547
     33   2.27221  2.03488  2.34313  0.40019     33 - -
          1.38629  1.38629  1.38629  1.38629
          0.05768  3.57464  3.57464  1.46634  0.26236  1.09861  0.40547
     34   2.43238  0.35666  2.50753  2.03488     34 - -
          1.38629  1.38629  1.38629  1.38629
          0.05768  3.57464  3.57464  1.46634  0.26236  1.09861  0.40547
     35   2.21632  2.64459  0.30602  2.48193     35 - -
          1.38629  1.38629  1.38629  1.38629
          0.05768  3.57464  3.57464  1.46634  0.26236  1.09861  0.40547
     36   2.21632  2.64459  0.30602  2.48193     36 - -
          1.38629  1.38629  1.38629  1.38629
          0.05768  3.57464  3.57464  1.46634  0.26236  1.09861  0.40547
     37   2.21632  2.64459  0.30602  2.48193     37 - -
          1.38629  1.38629  1.38629  1.38629
          0.05768  3.57464  3.57464  1.46634  0.26236  1.09861  0.40547
     38   0.34542  2.50951  2.15941  2.34997     38 - -
          1.38629  1.38629  1.38629  1.38629
          0.05768  3.57464  3.57464  1.46634  0.26236  1.09861  0.40547
     39   2.27221  2.03488  2.34313  0.40019     39 - -
          1.38629  1.38629  1.38629  1.38629
          0.05768  3.57464  3.57464  1.46634  0.26236  1.09861  0.40547
     40   2.27221  2.03488  2.34313  0.40019     40 - -
          1.38629  1.38629  1.38629  1.38629
          0.05768  3.57464  3.57464  1.46634  0.26236  1.09861  0.40547
     41   2.27221  2.03488  2.34313  0.40019     41 - -
          1.38629  1.38629  1.38629  1.38629
          0.05768  3.57464  3.57464  1.46634  0.26236  1.09861  0.40547
     42   2.43238  0.35666  2.50753  2.03488     42 - -
          1.38629  1.38629  1.38629  1.38629
          0.05768  3.57464  3.57464  1.46634  0.26236  1.09861  0.40547
     43   2.43238  0.35666  2.50753  2.03488     43 - -
          1.38629  1.38629  1.38629  1.38629
          0.05768  3.57464  3.57464  1.46634  0.26236  1.09861  0.40547
     44   2.27221  2.03488  2.34313  0.40019     44 - -
          1.38629  1.38629  1.38629  1.38629
          0.05768  3.57464  3.57464  1.46634  0.26236  1.09861  0.40547
     45   2.21632  2.64459  0.30602  2.48193     45 - -
          1.38629  1.38629  1.38629  1.38629
          0.05768  3.57464  3.57464  1.46634  0.26236  1.09861  0.40547
     46   0.34542  2.50951  2.15941  2.34997     46 - -
          1.38629  1.38629  1.38629  1.38629
          0.05768  3.57464  3.57464  1.46634  0.26236  1.09861  0.40547
     47   2.21632  2.64459  0.30602  2.48193     47 - -
          1.38629  1.38629  1.38629  1.38629
          0.05768  3.57464  3.57464  1.46634  0.26236  1.09861  0.40547
     48   0.34542  2.50951  2.15941  2.34997     48 - -
          1.38629  1.38629  1.38629  1.38629
          0.05768  3.57464  3.57464  1.46634  0.26236  1.09861  0.40547
     49   2.21632  2.64459  0.30602  2.48193     49 - -
          1.38629  1.38629  1.38629  1.38629
          0.05768  3.57464  3.57464  1.46634  0.26236  1.09861  0.40547
     50   2.27221  2.03488  2.34313  0.40019     50 - -
          1.38629  1.38629  1.38629  1.38629
          0.05768  3.57464  3.57464  1.46634  0.26236  1.09861  0.40547
     51   0.34542  2.50951  2.15941  2.34997     51 - -
          1.38629  1.38629  1.38629  1.38629
          0.05768  3.57464  3.57464  1.46634  0.26236  1.09861  0.40547
     52   2.27221  2.03488  2.34313  0.40019     52 - -
          1.38629  1.38629  1.38629  1.38629
          0.05768  3.57464  3.57464  1.46634  0.26236  1.09861  0.40547
     53   2.21632  2.64459  0.30602  2.48193     53 - -
          1.38629  1.38629  1.38629  1.38629
          0.05768  3.57464  3.57464  1.46634  0.26236  1.09861  0.40547
     54   2.27221  2.03488  2.34313  0.40019     54 - -
          1.38629  1.38629  1.38629  1.38629
          0.05768  3.57464  3.57464  1.46634  0.26236  1.09861  0.40547
     55   2.43238  0.35666  2.50753  2.03488     55 - -
          1.38629  1.38629  1.38629  1.38629
          0.05768  3.57464  3.57464  1.46634  0.26236  1.09861  0.40547
     56   2.27221  2.03488  2.34313  0.40019     56 - -
          1.38629  1.38629  1.38629  1.38629
          0.05768  3.57464  3.57464  1.46634  0.26236  1.09861  0.40547
     57   2.21632  2.64459  0.30602  2.48193     57 - -
          1.38629  1.38629  1.38629  1.38629
          0.05768  3.57464  3.57464  1.46634  0.26236  1.09861  0.40547
     58   2.43238  0.35666  2.50753  2.03488     58 - -
          1.38629  1.38629  1.38629  1.38629
          0.05768  3.57464  3.57464  1.46634  0.26236  1.09861  0.40547
     59   2.27221  2.03488  2.34313  0.40019     59 - -
          1.38629  1.38629  1.38629  1.38629
          0.05768  3.57464  3.57464  1.46634  0.26236  1.09861  0.40547
     60   2.27221  2.03488  2.34313  0.40019     60 - -
          1.38629  1.38629  1.38629  1.38629
          0.05768  3.57464  3.57464  1.46634  0.26236  1.09861  0.40547
     61   2.43238  0.35666  2.50753  2.03488     61 - -
          1.38629  1.38629  1.38629  1.38629
          0.05768  3.57464  3.57464  1.46634  0.26236  1.09861  0.40547
     62   0.34542  2.50951  2.15941  2.34997     62 - -
          1.38629  1.38629  1.38629  1.38629
          0.05768  3.57464  3.57464  1.46634  0.26236  1.09861  0.40547
     63   2.21632  2.64459  0.30602  2.48193     63 - -
          1.38629  1.38629  1.38629  1.38629
          0.05768  3.57464  3.57464  1.46634  0.26236  1.09861  0.40547
     64   2.27221  2.03488  2.34313  0.40019     64 - -
          1.38629  1.38629  1.38629  1.38629
          0.05768  3.57464  3.57464  1.46634  0.26236  1.09861  0.40547
     65   2.21632  2.64459  0.30602  2.48193     65 - -
          1.38629  1.38629  1.38629  1.38629
          0.05768  3.57464  3.57464  1.46634  0.26236  1.09861  0.40547
     66   2.43238  0.35666  2.50753  2.03488     66 - -
          1.38629  1.38629  1.38629  1.38629
          0.05768  3.57464  3.57464  1.46634  0.26236  1.09861  0.40547
     67   2.27221  2.03488  2.34313  0.40019     67 - -
          1.38629  1.38629  1.38629  1.38629
          0.05768  3.57464  3.57464  1.46634  0.26236  1.09861  0.40547
     68   2.27221  2.03488  2.34313  0.40019     68 - -
          1.38629  1.38629  1.38629  1.38629
          0.05768  3.57464  3.57464  1.46634  0.26236  1.09861  0.40547
     69   0.34542  2.50951  2.15941  2.34997     69 - -
          1.38629  1.38629  1.38629  1.38629
          0.05768  3.57464  3.57464  1.46634  0.26236  1.09861  0.40547
     70   2.21632  2.64459  0.30602  2.48193     70 - -
          1.38629  1.38629  1.38629  1.38629
          0.05768  3.57464  3.57464  1.46634  0.26236  1.09861  0.40547
     71   2.43238  0.35666  2.50753  2.03488     71 - -
          1.38629  1.38629  1.38629  1.38629
          0.05768  3.57464  3.57464  1.46634  0.26236  1.09861  0.40547
     72   2.27221  2.03488  2.34313  0.40019     72 - -
          1.38629  1.38629  1.38629  1.38629
          0.05768  3.57464  3.57464  1.46634  0.26236  1.09861  0.40547
     73   2.27221  2.03488  2.34313  0.40019     73 - -
          1.38629  1.38629  1.38629  1.38629
          0.09567  3.57464  2.76127  1.46634  0.26236  1.09861  0.40547
     74   0.37648  2.43524  2.09411  2.27329     74 - -
          1.38629  1.38629  1.38629  1.38629
          0.05985  3.53882  3.53882  1.46634  0.26236  1.44821  0.26787
     75   2.34946  0.39189  2.42449  1.96415     75 - -
          1.38629  1.38629  1.38629  1.38629
          0.05985  3.53882  3.53882  1.46634  0.26236  1.44821  0.26787
     76   2.34946  0.39189  2.42449  1.96415     76 - -
          1.38629  1.38629  1.38629  1.38629
          0.05985  3.53882  3.53882  1.46634  0.26236  1.44821  0.26787
     77   2.34946  0.39189  2.42449  1.96415     77 - -
          1.38629  1.38629  1.38629  1.38629
          0.05985  3.53882  3.53882  1.46634  0.26236  1.44821  0.26787
     78   0.37648  2.43524  2.09411  2.27329     78 - -
          1.38629  1.38629  1.38629  1.38629
          0.05985  3.53882  3.53882  1.46634  0.26236  1.44821  0.26787
     79   0.37648  2.43524  2.09411  2.27329     79 - -
          1.38629  1.38629  1.38629  1.38629
          0.05985  3.53882  3.53882  1.46634  0.26236  1.44821  0.26787
     80   2.34946  0.39189  2.42449  1.96415     80 - -
          1.38629  1.38629  1.38629  1.38629
          0.05985  3.53882  3.53882  1.46634  0.26236  1.44821  0.26787
     81   2.20619  1.98355  2.27740  0.43117     81 - -
          1.38629  1.38629  1.38629  1.38629
          0.05985  3.53882  3.53882  1.46634  0.26236  1.44821  0.26787
     82   2.02116  1.91002  1.93640  0.55304     82 - -
          1.38629  1.38629  1.38629  1.38629
          0.05985  3.53882  3.53882  1.46634  0.26236  1.44821  0.26787
     83   2.20619  1.98355  2.27740  0.43117     83 - -
          1.38629  1.38629  1.38629  1.38629
          0.05985  3.53882  3.53882  1.46634  0.26236  1.44821  0.26787
     84   2.14186  2.56027  0.33669  2.39523     84 - -
          1.38629  1.38629  1.38629  1.38629
          0.05985  3.53882  3.53882  1.46634  0.26236  1.44821  0.26787
     85   2.34946  0.39189  2.42449  1.96415     85 - -
          1.38629  1.38629  1.38629  1.38629
          0.05985  3.53882  3.53882  1.46634  0.26236  1.44821  0.26787
     86   0.37648  2.43524  2.09411  2.27329     86 - -
          1.38629  1.38629  1.38629  1.38629
          0.05985  3.53882  3.53882  1.46634  0.26236  1.44821  0.26787
     87   0.37648  2.43524  2.09411  2.27329     87 - -
          1.38629  1.38629  1.38629  1.38629
          0.05985  3.53882  3.53882  1.46634  0.26236  0.63484  0.75506
     88   1.82353  1.96672  0.81377  1.36474     88 - -
          1.38629  1.38629  1.38629  1.38629
          0.05768  3.57464  3.57464  1.46634  0.26236  1.09861  0.40547
     89   2.43238  0.35666  2.50753  2.03488     89 - -
          1.38629  1.38629  1.38629  1.38629
          0.05768  3.57464  3.57464  1.46634  0.26236  1.09861  0.40547
     90   0.34542  2.50951  2.15941  2.34997     90 - -
          1.38629  1.38629  1.38629  1.38629
          0.05768  3.57464  3.57464  1.46634  0.26236  1.09861  0.40547
     91   2.21632  2.64459  0.30602  2.48193     91 - -
          1.38629  1.38629  1.38629  1.38629
          0.05768  3.57464  3.57464  1.46634  0.26236  1.09861  0.40547
     92   1.39876  2.25811  0.64244  2.09933     92 - -
          1.38629  1.38629  1.38629  1.38629
          0.05768  3.57464  3.57464  1.46634  0.26236  1.09861  0.40547
     93   2.02752  0.95973  2.10399  1.01232     93 - -
          1.38629  1.38629  1.38629  1.38629
          0.05768  3.57464  3.57464  1.46634  0.26236  1.09861  0.40547
     94   2.27221  2.03488  2.34313  0.40019     94 - -
          1.38629  1.38629  1.38629  1.38629
          0.20276  3.57464  1.86108  1.46634  0.26236  1.09861  0.40547
     95   1.92912  2.32612  0.44377  2.15901     95 - -
          1.42594  1.35019  1.68041  1.15763
          0.38598  1.42598  2.52647  1.13558  0.38748  2.02137  0.14211
     96   0.80176  2.02782  1.32650  1.86798     99 - -
          1.38629  1.38629  1.38629  1.38629
          0.06985  3.38927  3.38927  1.46634  0.26236  0.48782  0.95182
     97   1.98910  1.00799  2.06518  0.99038    100 - -
          1.38629  1.38629  1.38629  1.38629
          0.06027  3.53202  3.53202  1.46634  0.26236  1.50158  0.25203
     98   1.44797  0.94712  1.87001  1.50070    101 - -
          1.38629  1.38629  1.38629  1.38629
          0.06027  3.53202  3.53202  1.46634  0.26236  0.58979  0.80844
     99   0.58204  2.14772  1.79861  1.83909    102 - -
          1.38629  1.38629  1.38629  1.38629
          0.05768  3.57464  3.57464  1.46634  0.26236  1.09861  0.40547
    100   0.34542  2.50951  2.15941  2.34997    103 - -
          1.38629  1.38629  1.38629  1.38629
          0.05768  3.57464  3.57464  1.46634  0.26236  1.09861  0.40547
    101   1.62248  2.35126  0.51795  2.19284    104 - -
          1.38629  1.38629  1.38629  1.38629
          0.05768  3.57464  3.57464  1.46634  0.26236  1.09861  0.40547
    102   2.02073  1.08734  2.09687  0.89774    105 - -
          1.38629  1.38629  1.38629  1.38629
          0.05768  3.57464  3.57464  1.46634  0.26236  1.09861  0.40547
    103   2.03614  0.64048  1.96956  1.59500    106 - -
          1.38629  1.38629  1.38629  1.38629
          0.05768  3.57464  3.57464  1.46634  0.26236  1.09861  0.40547
    104   2.27221  2.03488  2.34313  0.40019    107 - -
          1.38629  1.38629  1.38629  1.38629
          0.09567  3.57464  2.76127  1.46634  0.26236  1.09861  0.40547
    105   1.85498  1.73858  0.66249  1.88250    108 - -
          1.38629  1.38629  1.38629  1.38629
          0.05985  3.53882  3.53882  1.46634  0.26236  1.44821  0.26787
    106   2.10949  0.64542  2.18554  1.41947    109 - -
          1.38629  1.38629  1.38629  1.38629
          0.05985  3.53882  3.53882  1.46634  0.26236  1.44821  0.26787
    107   1.73685  1.69886  1.05253  1.23107    110 - -
          1.38629  1.38629  1.38629  1.38629
          0.05985  3.53882  3.53882  1.46634  0.26236  1.44821  0.26787
    108   2.13446  1.76451  2.20667  0.51024    111 - -
          1.38629  1.38629  1.38629  1.38629
          0.16694  3.53882  2.08180  1.46634  0.26236  1.44821  0.26787
    109   1.92458  1.36275  1.99708  0.77137    112 - -
          1.38629  1.38629  1.38629  1.38629
          0.14483  3.43827  2.27582  1.46634  0.26236  2.02137  0.14211
    110   1.89704  1.72872  1.96074  0.63163    113 - -
          1.38629  1.38629  1.38629  1.38629
          0.07162  3.36506  3.36506  1.46634  0.26236  0.40649  1.09656
    111   2.03666  1.43517  2.11097  0.67267    114 - -
          1.38629  1.38629  1.38629  1.38629
          0.05985  3.53882  3.53882  1.46634  0.26236  1.44821  0.26787
    112   2.14186  2.56027  0.33669  2.39523    115 - -
          1.38629  1.38629  1.38629  1.38629
          0.05985  3.53882  3.53882  1.46634  0.26236  1.44821  0.26787
    113   2.34946  0.39189  2.42449  1.96415    116 - -
          1.38629  1.38629  1.38629  1.38629
          0.05985  3.53882  3.53882  1.46634  0.26236  1.44821  0.26787
    114   2.14186  2.56027  0.33669  2.39523    117 - -
          1.38629  1.38629  1.38629  1.38629
          0.05985  3.53882  3.53882  1.46634  0.26236  1.44821  0.26787
    115   2.20619  1.98355  2.27740  0.43117    118 - -
          1.38629  1.38629  1.38629  1.38629
          0.05985  3.53882  3.53882  1.46634  0.26236  1.44821  0.26787
    116   2.20619  1.98355  2.27740  0.43117    119 - -
          1.38629  1.38629  1.38629  1.38629
          0.05985  3.53882  3.53882  1.46634  0.26236  1.44821  0.26787
    117   2.34946  0.39189  2.42449  1.96415    120 - -
          1.38629  1.38629  1.38629  1.38629
          0.05985  3.53882  3.53882  1.46634  0.26236  1.44821  0.26787
    118   2.34946  0.39189  2.42449  1.96415    121 - -
          1.38629  1.38629  1.38629  1.38629
          0.05985  3.53882  3.53882  1.46634  0.26236  1.44821  0.26787
    119   2.20619  1.98355  2.27740  0.43117    122 - -
          1.38629  1.38629  1.38629  1.38629
          0.05985  3.53882  3.53882  1.46634  0.26236  1.44821  0.26787
    120   0.37648  2.43524  2.09411  2.27329    123 - -
          1.38629  1.38629  1.38629  1.38629
          0.05985  3.53882  3.53882  1.46634  0.26236  0.63484  0.75506
    121   2.27221  2.03488  2.34313  0.40019    124 - -
          1.38629  1.38629  1.38629  1.38629
          0.05768  3.57464  3.57464  1.46634  0.26236  1.09861  0.40547
    122   2.21632  2.64459  0.30602  2.48193    125 - -
          1.38629  1.38629  1.38629  1.38629
          0.05768  3.57464  3.57464  1.46634  0.26236  1.09861  0.40547
    123   0.34542  2.50951  2.15941  2.34997    126 - -
          1.38629  1.38629  1.38629  1.38629
          0.05768  3.57464  3.57464  1.46634  0.26236  1.09861  0.40547
    124   2.21632  2.64459  0.30602  2.48193    127 - -
          1.38629  1.38629  1.38629  1.38629
          0.05768  3.57464  3.57464  1.46634  0.26236  1.09861  0.40547
    125   2.43238  0.35666  2.50753  2.03488    128 - -
          1.38629  1.38629  1.38629  1.38629
          0.05768  3.57464  3.57464  1.46634  0.26236  1.09861  0.40547
    126   2.18940  1.80214  2.26133  0.47988    129 - -
          1.38629  1.38629  1.38629  1.38629
          0.05768  3.57464  3.57464  1.46634  0.26236  1.09861  0.40547
    127   0.34542  2.50951  2.15941  2.34997    130 - -
          1.38629  1.38629  1.38629  1.38629
          0.05768  3.57464  3.57464  1.46634  0.26236  1.09861  0.40547
    128   2.27221  2.03488  2.34313  0.40019    131 - -
          1.38629  1.38629  1.38629  1.38629
          0.05768  3.57464  3.57464  1.46634  0.26236  1.09861  0.40547
    129   2.27221  2.03488  2.34313  0.40019    132 - -
          1.38629  1.38629  1.38629  1.38629
          0.05768  3.57464  3.57464  1.46634  0.26236  1.09861  0.40547
    130   2.21632  2.64459  0.30602  2.48193    133 - -
          1.38629  1.38629  1.38629  1.38629
          0.05768  3.57464  3.57464  1.46634  0.26236  1.09861  0.40547
    131   2.02154  1.03377  2.09784  0.94375    134 - -
          1.38629  1.38629  1.38629  1.38629
          0.09567  3.57464  2.76127  1.46634  0.26236  1.09861  0.40547
    132   1.87450  2.43283  0.42210  2.27193    135 - -
          1.38629  1.38629  1.38629  1.38629
          0.05985  3.53882  3.53882  1.46634  0.26236  0.63484  0.75506
    133   2.43238  0.35666  2.50753  2.03488    136 - -
          1.38629  1.38629  1.38629  1.38629
          0.05768  3.57464  3.57464  1.46634  0.26236  1.09861  0.40547
    134   2.27221  2.03488  2.34313  0.40019    137 - -
          1.38629  1.38629  1.38629  1.38629
          0.05768  3.57464  3.57464  1.46634  0.26236  1.09861  0.40547
    135   2.17540  1.76332  2.24759  0.49543    138 - -
          1.38629  1.38629  1.38629  1.38629
          0.05768  3.57464  3.57464  1.46634  0.26236  1.09861  0.40547
    136   2.43238  0.35666  2.50753  2.03488    139 - -
          1.38629  1.38629  1.38629  1.38629
          0.05768  3.57464  3.57464  1.46634  0.26236  1.09861  0.40547
    137   2.05293  0.83274  2.12954  1.14604    140 - -
          1.38629  1.38629  1.38629  1.38629
          0.05768  3.57464  3.57464  1.46634  0.26236  1.09861  0.40547
    138   2.17540  1.76332  2.24759  0.49543    141 - -
          1.46982  1.26094  1.46982  1.35994
          0.13215  2.80386  2.76127  1.23958  0.34179  1.09861  0.40547
    139   1.97237  1.88993  1.83855  0.59649    145 - -
          1.38629  1.38629  1.38629  1.38629
          0.05985  3.53882  3.53882  1.46634  0.26236  0.63484  0.75506
    140   2.27221  2.03488  2.34313  0.40019    146 - -
          1.38629  1.38629  1.38629  1.38629
          0.05768  3.57464  3.57464  1.46634  0.26236  1.09861  0.40547
    141   2.21632  2.64459  0.30602  2.48193    147 - -
          1.38629  1.38629  1.38629  1.38629
          0.05768  3.57464  3.57464  1.46634  0.26236  1.09861  0.40547
    142   2.43238  0.35666  2.50753  2.03488    148 - -
          1.38629  1.38629  1.38629  1.38629
          0.05768  3.57464  3.57464  1.46634  0.26236  1.09861  0.40547
    143   2.43238  0.35666  2.50753  2.03488    149 - -
          1.38629  1.38629  1.38629  1.38629
          0.05768  3.57464  3.57464  1.46634  0.26236  1.09861  0.40547
    144   0.34542  2.50951  2.15941  2.34997    150 - -
          1.38629  1.38629  1.38629  1.38629
          0.05768  3.57464  3.57464  1.46634  0.26236  1.09861  0.40547
    145   0.34542  2.50951  2.15941  2.34997    151 - -
          1.38629  1.38629  1.38629  1.38629
          0.05768  3.57464  3.57464  1.46634  0.26236  1.09861  0.40547
    146   2.27221  2.03488  2.34313  0.40019    152 - -
          1.38629  1.38629  1.38629  1.38629
          0.05768  3.57464  3.57464  1.46634  0.26236  1.09861  0.40547
    147   2.21632  2.64459  0.30602  2.48193    153 - -
          1.38629  1.38629  1.38629  1.38629
          0.05768  3.57464  3.57464  1.46634  0.26236  1.09861  0.40547
    148   2.21632  2.64459  0.30602  2.48193    154 - -
          1.38629  1.38629  1.38629  1.38629
          0.05768  3.57464  3.57464  1.46634  0.26236  1.09861  0.40547
    149   2.43238  0.35666  2.50753  2.03488    155 - -
          1.38629  1.38629  1.38629  1.38629
          0.05768  3.57464  3.57464  1.46634  0.26236  1.09861  0.40547
    150   2.27221  2.03488  2.34313  0.40019    156 - -
          1.38629  1.38629  1.38629  1.38629
          0.05768  3.57464  3.57464  1.46634  0.26236  1.09861  0.40547
    151   2.27221  2.03488  2.34313  0.40019    157 - -
          1.38629  1.38629  1.38629  1.38629
          0.05768  3.57464  3.57464  1.46634  0.26236  1.09861  0.40547
    152   2.21632  2.64459  0.30602  2.48193    158 - -
          1.38629  1.38629  1.38629  1.38629
          0.05768  3.57464  3.57464  1.46634  0.26236  1.09861  0.40547
    153   2.27221  2.03488  2.34313  0.40019    159 - -
          1.38629  1.38629  1.38629  1.38629
          0.05768  3.57464  3.57464  1.46634  0.26236  1.09861  0.40547
    154   2.27221  2.03488  2.34313  0.40019    160 - -
          1.38629  1.38629  1.38629  1.38629
          0.05768  3.57464  3.57464  1.46634  0.26236  1.09861  0.40547
    155   2.21632  2.64459  0.30602  2.48193    161 - -
          1.38629  1.38629  1.38629  1.38629
          0.05768  3.57464  3.57464  1.46634  0.26236  1.09861  0.40547
    156   0.34542  2.50951  2.15941  2.34997    162 - -
          1.38629  1.38629  1.38629  1.38629
          0.05768  3.57464  3.57464  1.46634  0.26236  1.09861  0.40547
    157   1.82674  1.85268  1.38885  0.83729    163 - -
          1.38629  1.38629  1.38629  1.38629
          0.05768  3.57464  3.57464  1.46634  0.26236  1.09861  0.40547
    158   2.27221  2.03488  2.34313  0.40019    164 - -
          1.38629  1.38629  1.38629  1.38629
          0.05768  3.57464  3.57464  1.46634  0.26236  1.09861  0.40547
    159   2.21632  2.64459  0.30602  2.48193    165 - -
          1.38629  1.38629  1.38629  1.38629
          0.05768  3.57464  3.57464  1.46634  0.26236  1.09861  0.40547
    160   2.21632  2.64459  0.30602  2.48193    166 - -
          1.38629  1.38629  1.38629  1.38629
          0.05768  3.57464  3.57464  1.46634  0.26236  1.09861  0.40547
    161   2.17540  1.76332  2.24759  0.49543    167 - -
          1.38629  1.38629  1.38629  1.38629
          0.05768  3.57464  3.57464  1.46634  0.26236  1.09861  0.40547
    162   0.51625  2.20025  2.00640  1.84518    168 - -
          1.38629  1.38629  1.38629  1.38629
          0.05768  3.57464  3.57464  1.46634  0.26236  1.09861  0.40547
    163   2.21632  2.64459  0.30602  2.48193    169 - -
          1.38629  1.38629  1.38629  1.38629
          0.05768  3.57464  3.57464  1.46634  0.26236  1.09861  0.40547
    164   2.21632  2.64459  0.30602  2.48193    170 - -
          1.38629  1.38629  1.38629  1.38629
          0.05768  3.57464  3.57464  1.46634  0.26236  1.09861  0.40547
    165   2.09530  1.93475  2.16701  0.48129    171 - -
          1.38629  1.38629  1.38629  1.38629
          0.05768  3.57464  3.57464  1.46634  0.26236  1.09861  0.40547
    166   2.27221  2.03488  2.34313  0.40019    172 - -
          1.38629  1.38629  1.38629  1.38629
          0.05768  3.57464  3.57464  1.46634  0.26236  1.09861  0.40547
    167   2.27100  0.48118  2.34657  1.69804    173 - -
          1.38629  1.38629  1.38629  1.38629
          0.05768  3.57464  3.57464  1.46634  0.26236  1.09861  0.40547
    168   2.43238  0.35666  2.50753  2.03488    174 - -
          1.38629  1.38629  1.38629  1.38629
          0.05768  3.57464  3.57464  1.46634  0.26236  1.09861  0.40547
    169   2.27221  2.03488  2.34313  0.40019    175 - -
          1.38629  1.38629  1.38629  1.38629
          0.05768  3.57464  3.57464  1.46634  0.26236  1.09861  0.40547
    170   2.21632  2.64459  0.30602  2.48193    176 - -
          1.38629  1.38629  1.38629  1.38629
          0.05768  3.57464  3.57464  1.46634  0.26236  1.09861  0.40547
    171   2.43238  0.35666  2.50753  2.03488    177 - -
          1.38629  1.38629  1.38629  1.38629
          0.05768  3.57464  3.57464  1.46634  0.26236  1.09861  0.40547
    172   0.34542  2.50951  2.15941  2.34997    178 - -
          1.38629  1.38629  1.38629  1.38629
          0.05768  3.57464  3.57464  1.46634  0.26236  1.09861  0.40547
    173   0.34542  2.50951  2.15941  2.34997    179 - -
          1.38629  1.38629  1.38629  1.38629
          0.05768  3.57464  3.57464  1.46634  0.26236  1.09861  0.40547
    174   0.34542  2.50951  2.15941  2.34997    180 - -
          1.38629  1.38629  1.38629  1.38629
          0.05768  3.57464  3.57464  1.46634  0.26236  1.09861  0.40547
    175   0.34542  2.50951  2.15941  2.34997    181 - -
          1.38629  1.38629  1.38629  1.38629
          0.05768  3.57464  3.57464  1.46634  0.26236  1.09861  0.40547
    176   2.27221  2.03488  2.34313  0.40019    182 - -
          1.38629  1.38629  1.38629  1.38629
          0.05768  3.57464  3.57464  1.46634  0.26236  1.09861  0.40547
    177   2.21632  2.64459  0.30602  2.48193    183 - -
          1.38629  1.38629  1.38629  1.38629
          0.05768  3.57464  3.57464  1.46634  0.26236  1.09861  0.40547
    178   2.43238  0.35666  2.50753  2.03488    184 - -
          1.38629  1.38629  1.38629  1.38629
          0.05768  3.57464  3.57464  1.46634  0.26236  1.09861  0.40547
    179   2.27221  2.03488  2.34313  0.40019    185 - -
          1.38629  1.38629  1.38629  1.38629
          0.05768  3.57464  3.57464  1.46634  0.26236  1.09861  0.40547
    180   2.27221  2.03488  2.34313  0.40019    186 - -
          1.38629  1.38629  1.38629  1.38629
          0.05768  3.57464  3.57464  1.46634  0.26236  1.09861  0.40547
    181   2.27221  2.03488  2.34313  0.40019    187 - -
          1.38629  1.38629  1.38629  1.38629
          0.05768  3.57464  3.57464  1.46634  0.26236  1.09861  0.40547
    182   2.21632  2.64459  0.30602  2.48193    188 - -
          1.38629  1.38629  1.38629  1.38629
          0.05768  3.57464  3.57464  1.46634  0.26236  1.09861  0.40547
    183   2.43238  0.35666  2.50753  2.03488    189 - -
          1.38629  1.38629  1.38629  1.38629
          0.05768  3.57464  3.57464  1.46634  0.26236  1.09861  0.40547
    184   2.21632  2.64459  0.30602  2.48193    190 - -
          1.38629  1.38629  1.38629  1.38629
          0.05768  3.57464  3.57464  1.46634  0.26236  1.09861  0.40547
    185   2.43238  0.35666  2.50753  2.03488    191 - -
          1.38629  1.38629  1.38629  1.38629
          0.05768  3.57464  3.57464  1.46634  0.26236  1.09861  0.40547
    186   2.21632  2.64459  0.30602  2.48193    192 - -
          1.38629  1.38629  1.38629  1.38629
          0.05768  3.57464  3.57464  1.46634  0.26236  1.09861  0.40547
    187   2.43238  0.35666  2.50753  2.03488    193 - -
          1.38629  1.38629  1.38629  1.38629
          0.05768  3.57464  3.57464  1.46634  0.26236  1.09861  0.40547
    188   2.27221  2.03488  2.34313  0.40019    194 - -
          1.38629  1.38629  1.38629  1.38629
          0.05768  3.57464  3.57464  1.46634  0.26236  1.09861  0.40547
    189   2.21632  2.64459  0.30602  2.48193    195 - -
          1.38629  1.38629  1.38629  1.38629
          0.05768  3.57464  3.57464  1.46634  0.26236  1.09861  0.40547
    190   2.27221  2.03488  2.34313  0.40019    196 - -
          1.38629  1.38629  1.38629  1.38629
          0.05768  3.57464  3.57464  1.46634  0.26236  1.09861  0.40547
    191   2.27221  2.03488  2.34313  0.40019    197 - -
          1.38629  1.38629  1.38629  1.38629
          0.05768  3.57464  3.57464  1.46634  0.26236  1.09861  0.40547
    192   0.34542  2.50951  2.15941  2.34997    198 - -
          1.38629  1.38629  1.38629  1.38629
          0.05768  3.57464  3.57464  1.46634  0.26236  1.09861  0.40547
    193   2.27221  2.03488  2.34313  0.40019    199 - -
          1.38629  1.38629  1.38629  1.38629
          0.05768  3.57464  3.57464  1.46634  0.26236  1.09861  0.40547
    194   2.27221  2.03488  2.34313  0.40019    200 - -
          1.38629  1.38629  1.38629  1.38629
          0.05768  3.57464  3.57464  1.46634  0.26236  1.09861  0.40547
    195   2.43238  0.35666  2.50753  2.03488    201 - -
          1.38629  1.38629  1.38629  1.38629
          0.05768  3.57464  3.57464  1.46634  0.26236  1.09861  0.40547
    196   0.34542  2.50951  2.15941  2.34997    202 - -
          1.38629  1.38629  1.38629  1.38629
          0.05768  3.57464  3.57464  1.46634  0.26236  1.09861  0.40547
    197   0.34542  2.50951  2.15941  2.34997    203 - -
          1.38629  1.38629  1.38629  1.38629
          0.05768  3.57464  3.57464  1.46634  0.26236  1.09861  0.40547
    198   2.21632  2.64459  0.30602  2.48193    204 - -
          1.42284  1.28405  1.42284  1.42284
          0.10289  2.66284  3.57464  0.67166  0.71510  1.09861  0.40547
    199   2.27221  2.03488  2.34313  0.40019    206 - -
          1.38629  1.38629  1.38629  1.38629
          0.05768  3.57464  3.57464  1.46634  0.26236  1.09861  0.40547
    200   2.27221  2.03488  2.34313  0.40019    207 - -
          1.38629  1.38629  1.38629  1.38629
          0.05768  3.57464  3.57464  1.46634  0.26236  1.09861  0.40547
    201   2.27221  2.03488  2.34313  0.40019    208 - -
          1.38629  1.38629  1.38629  1.38629
          0.05768  3.57464  3.57464  1.46634  0.26236  1.09861  0.40547
    202   2.10513  0.53853  1.98190  1.85307    209 - -
          1.38629  1.38629  1.38629  1.38629
          0.05768  3.57464  3.57464  1.46634  0.26236  1.09861  0.40547
    203   2.01421  2.08973  0.47380  2.11842    210 - -
          1.38629  1.38629  1.38629  1.38629
          0.05768  3.57464  3.57464  1.46634  0.26236  1.09861  0.40547
    204   2.43238  0.35666  2.50753  2.03488    211 - -
          1.38629  1.38629  1.38629  1.38629
          0.05768  3.57464  3.57464  1.46634  0.26236  1.09861  0.40547
    205   2.43238  0.35666  2.50753  2.03488    212 - -
          1.38629  1.38629  1.38629  1.38629
          0.05768  3.57464  3.57464  1.46634  0.26236  1.09861  0.40547
    206   1.82695  1.93184  2.10244  0.55852    213 - -
          1.38629  1.38629  1.38629  1.38629
          0.10289  3.57464  2.66284  1.46634  0.26236  1.09861  0.40547
    207   2.12761  2.54429  0.34292  2.37889    214 - -
          1.38629  1.38629  1.38629  1.38629
          0.06027  3.53202  3.53202  1.46634  0.26236  0.58979  0.80844
    208   2.27100  0.48118  2.34657  1.69804    215 - -
          1.38629  1.38629  1.38629  1.38629
          0.05768  3.57464  3.57464  1.46634  0.26236  1.09861  0.40547
    209   0.44856  2.37170  1.83856  2.21563    216 - -
          1.38629  1.38629  1.38629  1.38629
          0.05768  3.57464  3.57464  1.46634  0.26236  1.09861  0.40547
    210   2.27100  0.48118  2.34657  1.69804    217 - -
          1.38629  1.38629  1.38629  1.38629
          0.05768  3.57464  3.57464  1.46634  0.26236  1.09861  0.40547
    211   2.21632  2.64459  0.30602  2.48193    218 - -
          1.38629  1.38629  1.38629  1.38629
          0.05768  3.57464  3.57464  1.46634  0.26236  1.09861  0.40547
    212   2.21632  2.64459  0.30602  2.48193    219 - -
          1.38629  1.38629  1.38629  1.38629
          0.05768  3.57464  3.57464  1.46634  0.26236  1.09861  0.40547
    213   2.43238  0.35666  2.50753  2.03488    220 - -
          1.38629  1.38629  1.38629  1.38629
          0.05768  3.57464  3.57464  1.46634  0.26236  1.09861  0.40547
    214   2.27221  2.03488  2.34313  0.40019    221 - -
          1.38629  1.38629  1.38629  1.38629
          0.05768  3.57464  3.57464  1.46634  0.26236  1.09861  0.40547
    215   2.17540  1.76332  2.24759  0.49543    222 - -
          1.38629  1.38629  1.38629  1.38629
          0.05768  3.57464  3.57464  1.46634  0.26236  1.09861  0.40547
    216   2.17540  1.76332  2.24759  0.49543    223 - -
          1.38629  1.38629  1.38629  1.38629
          0.05768  3.57464  3.57464  1.46634  0.26236  1.09861  0.40547
    217   2.21632  2.64459  0.30602  2.48193    224 - -
          1.38629  1.38629  1.38629  1.38629
          0.05768  3.57464  3.57464  1.46634  0.26236  1.09861  0.40547
    218   2.43238  0.35666  2.50753  2.03488    225 - -
          1.38629  1.38629  1.38629  1.38629
          0.05768  3.57464  3.57464  1.46634  0.26236  1.09861  0.40547
    219   2.27221  2.03488  2.34313  0.40019    226 - -
          1.38629  1.38629  1.38629  1.38629
          0.05768  3.57464  3.57464  1.46634  0.26236  1.09861  0.40547
    220   2.27221  2.03488  2.34313  0.40019    227 - -
          1.38629  1.38629  1.38629  1.38629
          0.05768  3.57464  3.57464  1.46634  0.26236  1.09861  0.40547
    221   2.21632  2.64459  0.30602  2.48193    228 - -
          1.38629  1.38629  1.38629  1.38629
          0.05768  3.57464  3.57464  1.46634  0.26236  1.09861  0.40547
    222   0.34542  2.50951  2.15941  2.34997    229 - -
          1.38629  1.38629  1.38629  1.38629
          0.05768  3.57464  3.57464  1.46634  0.26236  1.09861  0.40547
    223   2.21632  2.64459  0.30602  2.48193    230 - -
          1.38629  1.38629  1.38629  1.38629
          0.05768  3.57464  3.57464  1.46634  0.26236  1.09861  0.40547
    224   2.27221  2.03488  2.34313  0.40019    231 - -
          1.38629  1.38629  1.38629  1.38629
          0.05768  3.57464  3.57464  1.46634  0.26236  1.09861  0.40547
    225   2.21632  2.64459  0.30602  2.48193    232 - -
          1.38629  1.38629  1.38629  1.38629
          0.05768  3.57464  3.57464  1.46634  0.26236  1.09861  0.40547
    226   0.34542  2.50951  2.15941  2.34997    233 - -
          1.38629  1.38629  1.38629  1.38629
          0.05768  3.57464  3.57464  1.46634  0.26236  1.09861  0.40547
    227   2.43238  0.35666  2.50753  2.03488    234 - -
          1.38629  1.38629  1.38629  1.38629
          0.05768  3.57464  3.57464  1.46634  0.26236  1.09861  0.40547
    228   2.21632  2.64459  0.30602  2.48193    235 - -
          1.38629  1.38629  1.38629  1.38629
          0.05768  3.57464  3.57464  1.46634  0.26236  1.09861  0.40547
    229   2.43238  0.35666  2.50753  2.03488    236 - -
          1.38629  1.38629  1.38629  1.38629
          0.05768  3.57464  3.57464  1.46634  0.26236  1.09861  0.40547
    230   2.27221  2.03488  2.34313  0.40019    237 - -
          1.38629  1.38629  1.38629  1.38629
          0.05768  3.57464  3.57464  1.46634  0.26236  1.09861  0.40547
    231   2.21632  2.64459  0.30602  2.48193    238 - -
          1.38629  1.38629  1.38629  1.38629
          0.05768  3.57464  3.57464  1.46634  0.26236  1.09861  0.40547
    232   2.43238  0.35666  2.50753  2.03488    239 - -
          1.38629  1.38629  1.38629  1.38629
          0.05768  3.57464  3.57464  1.46634  0.26236  1.09861  0.40547
    233   2.27221  2.03488  2.34313  0.40019    240 - -
          1.38629  1.38629  1.38629  1.38629
          0.05768  3.57464  3.57464  1.46634  0.26236  1.09861  0.40547
    234   2.20781  0.54684  2.28375  1.56360    241 - -
          1.38629  1.38629  1.38629  1.38629
          0.05768  3.57464  3.57464  1.46634  0.26236  1.09861  0.40547
    235   0.34542  2.50951  2.15941  2.34997    242 - -
          1.38629  1.38629  1.38629  1.38629
          0.05768  3.57464  3.57464  1.46634  0.26236  1.09861  0.40547
    236   2.27221  2.03488  2.34313  0.40019    243 - -
          1.38629  1.38629  1.38629  1.38629
          0.05768  3.57464  3.57464  1.46634  0.26236  1.09861  0.40547
    237   2.21632  2.64459  0.30602  2.48193    244 - -
          1.38629  1.38629  1.38629  1.38629
          0.05768  3.57464  3.57464  1.46634  0.26236  1.09861  0.40547
    238   2.43238  0.35666  2.50753  2.03488    245 - -
          1.38629  1.38629  1.38629  1.38629
          0.05768  3.57464  3.57464  1.46634  0.26236  1.09861  0.40547
    239   1.09053  2.17253  0.87574  2.01352    246 - -
          1.38629  1.38629  1.38629  1.38629
          0.05768  3.57464  3.57464  1.46634  0.26236  1.09861  0.40547
    240   2.27221  2.03488  2.34313  0.40019    247 - -
          1.38629  1.38629  1.38629  1.38629
          0.05768  3.57464  3.57464  1.46634  0.26236  1.09861  0.40547
    241   1.85877  2.46517  0.41620  2.30667    248 - -
          1.38629  1.38629  1.38629  1.38629
          0.05768  3.57464  3.57464  1.46634  0.26236  1.09861  0.40547
    242   2.43238  0.35666  2.50753  2.03488    249 - -
          1.38629  1.38629  1.38629  1.38629
          0.05768  3.57464  3.57464  1.46634  0.26236  1.09861  0.40547
    243   0.50360  2.31686  1.70474  2.16068    250 - -
          1.38629  1.38629  1.38629  1.38629
          0.05768  3.57464  3.57464  1.46634  0.26236  1.09861  0.40547
    244   0.34542  2.50951  2.15941  2.34997    251 - -
          1.38629  1.38629  1.38629  1.38629
          0.05768  3.57464  3.57464  1.46634  0.26236  1.09861  0.40547
    245   2.43238  0.35666  2.50753  2.03488    252 - -
          1.38629  1.38629  1.38629  1.38629
          0.05768  3.57464  3.57464  1.46634  0.26236  1.09861  0.40547
    246   2.43238  0.35666  2.50753  2.03488    253 - -
          1.38629  1.38629  1.38629  1.38629
          0.05768  3.57464  3.57464  1.46634  0.26236  1.09861  0.40547
    247   2.21632  2.64459  0.30602  2.48193    254 - -
          1.38629  1.38629  1.38629  1.38629
          0.05768  3.57464  3.57464  1.46634  0.26236  1.09861  0.40547
    248   2.43238  0.35666  2.50753  2.03488    255 - -
          1.38629  1.38629  1.38629  1.38629
          0.05768  3.57464  3.57464  1.46634  0.26236  1.09861  0.40547
    249   2.27221  2.03488  2.34313  0.40019    256 - -
          1.38629  1.38629  1.38629  1.38629
          0.05768  3.57464  3.57464  1.46634  0.26236  1.09861  0.40547
    250   2.21632  2.64459  0.30602  2.48193    257 - -
          1.38629  1.38629  1.38629  1.38629
          0.05768  3.57464  3.57464  1.46634  0.26236  1.09861  0.40547
    251   2.21632  2.64459  0.30602  2.48193    258 - -
          1.38629  1.38629  1.38629  1.38629
          0.05768  3.57464  3.57464  1.46634  0.26236  1.09861  0.40547
    252   2.21632  2.64459  0.30602  2.48193    259 - -
          1.38629  1.38629  1.38629  1.38629
          0.05768  3.57464  3.57464  1.46634  0.26236  1.09861  0.40547
    253   0.59640  2.24764  1.51426  2.09078    260 - -
          1.38629  1.38629  1.38629  1.38629
          0.05768  3.57464  3.57464  1.46634  0.26236  1.09861  0.40547
    254   2.27221  2.03488  2.34313  0.40019    261 - -
          1.38629  1.38629  1.38629  1.38629
          0.05768  3.57464  3.57464  1.46634  0.26236  1.09861  0.40547
    255   2.21632  2.64459  0.30602  2.48193    262 - -
          1.38629  1.38629  1.38629  1.38629
          0.05768  3.57464  3.57464  1.46634  0.26236  1.09861  0.40547
    256   2.43238  0.35666  2.50753  2.03488    263 - -
          1.38629  1.38629  1.38629  1.38629
          0.05768  3.57464  3.57464  1.46634  0.26236  1.09861  0.40547
    257   1.80645  1.93362  0.87974  1.28646    264 - -
          1.38629  1.38629  1.38629  1.38629
          0.05768  3.57464  3.57464  1.46634  0.26236  1.09861  0.40547
    258   1.96051  0.67616  1.71474  1.76821    265 - -
          1.38629  1.38629  1.38629  1.38629
          0.05768  3.57464  3.57464  1.46634  0.26236  1.09861  0.40547
    259   1.60225  1.82026  1.29891  1.01131    266 - -
          1.38629  1.38629  1.38629  1.38629
          0.05768  3.57464  3.57464  1.46634  0.26236  1.09861  0.40547
    260   2.43238  0.35666  2.50753  2.03488    267 - -
          1.29893  1.41720  1.41720  1.41720
          0.18102  2.76127  2.27919  0.73135  0.65635  1.09861  0.40547
    261   2.07256  0.65551  2.14785  1.43454    269 - -
          1.38629  1.38629  1.38629  1.38629
          0.06246  3.49739  3.49739  1.46634  0.26236  1.73212  0.19469
    262   2.05457  2.46319  0.37678  2.29640    270 - -
          1.38629  1.38629  1.38629  1.38629
          0.06246  3.49739  3.49739  1.46634  0.26236  1.73212  0.19469
    263   1.60002  0.75251  1.95129  1.68829    271 - -
          1.38629  1.38629  1.38629  1.38629
          0.06246  3.49739  3.49739  1.46634  0.26236  0.43667  1.03897
    264   2.21632  2.64459  0.30602  2.48193    272 - -
          1.38629  1.38629  1.38629  1.38629
          0.05768  3.57464  3.57464  1.46634  0.26236  1.09861  0.40547
    265   2.43238  0.35666  2.50753  2.03488    273 - -
          1.38629  1.38629  1.38629  1.38629
          0.05768  3.57464  3.57464  1.46634  0.26236  1.09861  0.40547
    266   0.34542  2.50951  2.15941  2.34997    274 - -
          1.38629  1.38629  1.38629  1.38629
          0.05768  3.57464  3.57464  1.46634  0.26236  1.09861  0.40547
    267   2.27221  2.03488  2.34313  0.40019    275 - -
          1.38629  1.38629  1.38629  1.38629
          0.05768  3.57464  3.57464  1.46634  0.26236  1.09861  0.40547
    268   2.21632  2.64459  0.30602  2.48193    276 - -
          1.38629  1.38629  1.38629  1.38629
          0.05768  3.57464  3.57464  1.46634  0.26236  1.09861  0.40547
    269   2.43238  0.35666  2.50753  2.03488    277 - -
          1.38629  1.38629  1.38629  1.38629
          0.05768  3.57464  3.57464  1.46634  0.26236  1.09861  0.40547
    270   2.43238  0.35666  2.50753  2.03488    278 - -
          1.38629  1.38629  1.38629  1.38629
          0.05768  3.57464  3.57464  1.46634  0.26236  1.09861  0.40547
    271   2.27221  2.03488  2.34313  0.40019    279 - -
          1.38629  1.38629  1.38629  1.38629
          0.05768  3.57464  3.57464  1.46634  0.26236  1.09861  0.40547
    272   2.43238  0.35666  2.50753  2.03488    280 - -
          1.38629  1.38629  1.38629  1.38629
          0.05768  3.57464  3.57464  1.46634  0.26236  1.09861  0.40547
    273   2.27221  2.03488  2.34313  0.40019    281 - -
          1.38629  1.38629  1.38629  1.38629
          0.05768  3.57464  3.57464  1.46634  0.26236  1.09861  0.40547
    274   0.34542  2.50951  2.15941  2.34997    282 - -
          1.38629  1.38629  1.38629  1.38629
          0.05768  3.57464  3.57464  1.46634  0.26236  1.09861  0.40547
    275   2.21632  2.64459  0.30602  2.48193    283 - -
          1.38629  1.38629  1.38629  1.38629
          0.05768  3.57464  3.57464  1.46634  0.26236  1.09861  0.40547
    276   2.43238  0.35666  2.50753  2.03488    284 - -
          1.38629  1.38629  1.38629  1.38629
          0.05768  3.57464  3.57464  1.46634  0.26236  1.09861  0.40547
    277   0.34542  2.50951  2.15941  2.34997    285 - -
          1.38629  1.38629  1.38629  1.38629
          0.05768  3.57464  3.57464  1.46634  0.26236  1.09861  0.40547
    278   2.23564  1.92968  2.30687  0.43339    286 - -
          1.38629  1.38629  1.38629  1.38629
          0.05768  3.57464  3.57464  1.46634  0.26236  1.09861  0.40547
    279   2.21632  2.64459  0.30602  2.48193    287 - -
          1.38629  1.38629  1.38629  1.38629
          0.05768  3.57464  3.57464  1.46634  0.26236  1.09861  0.40547
    280   0.34542  2.50951  2.15941  2.34997    288 - -
          1.38629  1.38629  1.38629  1.38629
          0.05768  3.57464  3.57464  1.46634  0.26236  1.09861  0.40547
    281   0.34542  2.50951  2.15941  2.34997    289 - -
          1.38629  1.38629  1.38629  1.38629
          0.05768  3.57464  3.57464  1.46634  0.26236  1.09861  0.40547
    282   1.91016  2.49107  0.39741  2.33239    290 - -
          1.38629  1.38629  1.38629  1.38629
          0.05768  3.57464  3.57464  1.46634  0.26236  1.09861  0.40547
    283   2.18940  1.80214  2.26133  0.47988    291 - -
          1.38629  1.38629  1.38629  1.38629
          0.05768  3.57464  3.57464  1.46634  0.26236  1.09861  0.40547
    284   1.97190  0.51346  2.21846  1.87335    292 - -
          1.38629  1.38629  1.38629  1.38629
          0.05768  3.57464  3.57464  1.46634  0.26236  1.09861  0.40547
    285   0.34542  2.50951  2.15941  2.34997    293 - -
          1.38629  1.38629  1.38629  1.38629
          0.05768  3.57464  3.57464  1.46634  0.26236  1.09861  0.40547
    286   2.21632  2.64459  0.30602  2.48193    294 - -
          1.38629  1.38629  1.38629  1.38629
          0.05768  3.57464  3.57464  1.46634  0.26236  1.09861  0.40547
    287   0.60273  1.97826  1.74338  1.97008    295 - -
          1.38629  1.38629  1.38629  1.38629
          0.05768  3.57464  3.57464  1.46634  0.26236  1.09861  0.40547
    288   2.14323  0.51046  2.04650  1.87524    296 - -
          1.38629  1.38629  1.38629  1.38629
          0.05768  3.57464  3.57464  1.46634  0.26236  1.09861  0.40547
    289   0.34542  2.50951  2.15941  2.34997    297 - -
          1.38629  1.38629  1.38629  1.38629
          0.05768  3.57464  3.57464  1.46634  0.26236  1.09861  0.40547
    290   0.34542  2.50951  2.15941  2.34997    298 - -
          1.38629  1.38629  1.38629  1.38629
          0.02926  3.54621        *  1.46634  0.26236  0.00000        *
//
