HMMER3/b [3.0 | March 2010]
NAME  CladeB_Alignment_23April13
LENG  279
ALPH  DNA
RF    no
CS    no
MAP   yes
DATE  Thu Apr 25 10:06:23 2013
NSEQ  34
EFFN  1.307373
CKSUM 2871945345
STATS LOCAL MSV      -11.2887  0.70190
STATS LOCAL VITERBI  -12.0419  0.70190
STATS LOCAL FORWARD   -4.8216  0.70190
HMM          A        C        G        T   
            m->m     m->i     m->d     i->m     i->i     d->m     d->d
  COMPO   1.54851  1.35492  1.34934  1.30914
          1.38629  1.38629  1.38629  1.38629
          0.05871  3.55745  3.55745  1.46634  0.26236  0.00000        *
      1   0.35992  2.47382  2.12828  2.31304      1 - -
          1.38629  1.38629  1.38629  1.38629
          0.05871  3.55745  3.55745  1.46634  0.26236  1.09861  0.40547
      2   0.35992  2.47382  2.12828  2.31304      2 - -
          1.38629  1.38629  1.38629  1.38629
          0.05871  3.55745  3.55745  1.46634  0.26236  1.09861  0.40547
      3   2.39245  0.37311  2.46761  2.00086      3 - -
          1.38629  1.38629  1.38629  1.38629
          0.05871  3.55745  3.55745  1.46634  0.26236  1.09861  0.40547
      4   2.39245  0.37311  2.46761  2.00086      4 - -
          1.38629  1.38629  1.38629  1.38629
          0.05871  3.55745  3.55745  1.46634  0.26236  1.09861  0.40547
      5   2.18075  2.60411  0.32030  2.44021      5 - -
          1.38629  1.38629  1.38629  1.38629
          0.05871  3.55745  3.55745  1.46634  0.26236  1.09861  0.40547
      6   0.35992  2.47382  2.12828  2.31304      6 - -
          1.38629  1.38629  1.38629  1.38629
          0.05871  3.55745  3.55745  1.46634  0.26236  1.09861  0.40547
      7   2.24045  2.01033  2.31156  0.41470      7 - -
          1.38629  1.38629  1.38629  1.38629
          0.05871  3.55745  3.55745  1.46634  0.26236  1.09861  0.40547
      8   2.09193  2.56149  0.34446  2.39955      8 - -
          1.38629  1.38629  1.38629  1.38629
          0.05871  3.55745  3.55745  1.46634  0.26236  1.09861  0.40547
      9   2.12666  2.44797  0.36003  2.33677      9 - -
          1.35846  1.39575  1.39575  1.39575
          0.07027  3.23541  3.55745  1.11217  0.39876  1.09861  0.40547
     10   2.39245  0.37311  2.46761  2.00086     11 - -
          1.38629  1.38629  1.38629  1.38629
          0.05871  3.55745  3.55745  1.46634  0.26236  1.09861  0.40547
     11   2.39245  0.37311  2.46761  2.00086     12 - -
          1.38629  1.38629  1.38629  1.38629
          0.05871  3.55745  3.55745  1.46634  0.26236  1.09861  0.40547
     12   2.24045  2.01033  2.31156  0.41470     13 - -
          1.38629  1.38629  1.38629  1.38629
          0.05871  3.55745  3.55745  1.46634  0.26236  1.09861  0.40547
     13   2.39245  0.37311  2.46761  2.00086     14 - -
          1.38629  1.38629  1.38629  1.38629
          0.05871  3.55745  3.55745  1.46634  0.26236  1.09861  0.40547
     14   2.39245  0.37311  2.46761  2.00086     15 - -
          1.38629  1.38629  1.38629  1.38629
          0.05871  3.55745  3.55745  1.46634  0.26236  1.09861  0.40547
     15   2.24045  2.01033  2.31156  0.41470     16 - -
          1.38629  1.38629  1.38629  1.38629
          0.05871  3.55745  3.55745  1.46634  0.26236  1.09861  0.40547
     16   2.18075  2.60411  0.32030  2.44021     17 - -
          1.38629  1.38629  1.38629  1.38629
          0.05871  3.55745  3.55745  1.46634  0.26236  1.09861  0.40547
     17   0.35992  2.47382  2.12828  2.31304     18 - -
          1.38629  1.38629  1.38629  1.38629
          0.05871  3.55745  3.55745  1.46634  0.26236  1.09861  0.40547
     18   0.35992  2.47382  2.12828  2.31304     19 - -
          1.38629  1.38629  1.38629  1.38629
          0.05871  3.55745  3.55745  1.46634  0.26236  1.09861  0.40547
     19   2.39245  0.37311  2.46761  2.00086     20 - -
          1.38629  1.38629  1.38629  1.38629
          0.05871  3.55745  3.55745  1.46634  0.26236  1.09861  0.40547
     20   2.18075  2.60411  0.32030  2.44021     21 - -
          1.38629  1.38629  1.38629  1.38629
          0.05871  3.55745  3.55745  1.46634  0.26236  1.09861  0.40547
     21   2.34937  0.40448  2.42450  1.90566     22 - -
          1.38629  1.38629  1.38629  1.38629
          0.05871  3.55745  3.55745  1.46634  0.26236  1.09861  0.40547
     22   2.18075  2.60411  0.32030  2.44021     23 - -
          1.38629  1.38629  1.38629  1.38629
          0.05871  3.55745  3.55745  1.46634  0.26236  1.09861  0.40547
     23   2.35435  0.40073  2.42948  1.91644     24 - -
          1.38629  1.38629  1.38629  1.38629
          0.05871  3.55745  3.55745  1.46634  0.26236  1.09861  0.40547
     24   0.35992  2.47382  2.12828  2.31304     25 - -
          1.38629  1.38629  1.38629  1.38629
          0.05871  3.55745  3.55745  1.46634  0.26236  1.09861  0.40547
     25   2.21534  1.93460  2.28666  0.43882     26 - -
          1.38629  1.38629  1.38629  1.38629
          0.05871  3.55745  3.55745  1.46634  0.26236  1.09861  0.40547
     26   2.24045  2.01033  2.31156  0.41470     27 - -
          1.38629  1.38629  1.38629  1.38629
          0.05871  3.55745  3.55745  1.46634  0.26236  1.09861  0.40547
     27   2.18075  2.60411  0.32030  2.44021     28 - -
          1.38629  1.38629  1.38629  1.38629
          0.05871  3.55745  3.55745  1.46634  0.26236  1.09861  0.40547
     28   2.39245  0.37311  2.46761  2.00086     29 - -
          1.38629  1.38629  1.38629  1.38629
          0.05871  3.55745  3.55745  1.46634  0.26236  1.09861  0.40547
     29   2.18075  2.60411  0.32030  2.44021     30 - -
          1.38629  1.38629  1.38629  1.38629
          0.05871  3.55745  3.55745  1.46634  0.26236  1.09861  0.40547
     30   2.39245  0.37311  2.46761  2.00086     31 - -
          1.38629  1.38629  1.38629  1.38629
          0.05871  3.55745  3.55745  1.46634  0.26236  1.09861  0.40547
     31   2.24045  2.01033  2.31156  0.41470     32 - -
          1.38629  1.38629  1.38629  1.38629
          0.05871  3.55745  3.55745  1.46634  0.26236  1.09861  0.40547
     32   2.39245  0.37311  2.46761  2.00086     33 - -
          1.38629  1.38629  1.38629  1.38629
          0.05871  3.55745  3.55745  1.46634  0.26236  1.09861  0.40547
     33   2.24045  2.01033  2.31156  0.41470     34 - -
          1.38629  1.38629  1.38629  1.38629
          0.05871  3.55745  3.55745  1.46634  0.26236  1.09861  0.40547
     34   2.39245  0.37311  2.46761  2.00086     35 - -
          1.38629  1.38629  1.38629  1.38629
          0.05871  3.55745  3.55745  1.46634  0.26236  1.09861  0.40547
     35   2.18075  2.60411  0.32030  2.44021     36 - -
          1.38629  1.38629  1.38629  1.38629
          0.05871  3.55745  3.55745  1.46634  0.26236  1.09861  0.40547
     36   2.18075  2.60411  0.32030  2.44021     37 - -
          1.38629  1.38629  1.38629  1.38629
          0.05871  3.55745  3.55745  1.46634  0.26236  1.09861  0.40547
     37   2.18075  2.60411  0.32030  2.44021     38 - -
          1.38629  1.38629  1.38629  1.38629
          0.05871  3.55745  3.55745  1.46634  0.26236  1.09861  0.40547
     38   0.38593  2.43676  2.03840  2.27788     39 - -
          1.38629  1.38629  1.38629  1.38629
          0.05871  3.55745  3.55745  1.46634  0.26236  1.09861  0.40547
     39   2.24045  2.01033  2.31156  0.41470     40 - -
          1.38629  1.38629  1.38629  1.38629
          0.05871  3.55745  3.55745  1.46634  0.26236  1.09861  0.40547
     40   2.24045  2.01033  2.31156  0.41470     41 - -
          1.38629  1.38629  1.38629  1.38629
          0.06905  3.55745  3.26466  1.46634  0.26236  1.09861  0.40547
     41   2.22251  1.99635  2.29369  0.42321     42 - -
          1.38629  1.38629  1.38629  1.38629
          0.05931  3.54771  3.54771  1.46634  0.26236  0.91323  0.51287
     42   2.39245  0.37311  2.46761  2.00086     43 - -
          1.38629  1.38629  1.38629  1.38629
          0.05871  3.55745  3.55745  1.46634  0.26236  1.09861  0.40547
     43   2.39245  0.37311  2.46761  2.00086     44 - -
          1.38629  1.38629  1.38629  1.38629
          0.05871  3.55745  3.55745  1.46634  0.26236  1.09861  0.40547
     44   2.24045  2.01033  2.31156  0.41470     45 - -
          1.38629  1.38629  1.38629  1.38629
          0.05871  3.55745  3.55745  1.46634  0.26236  1.09861  0.40547
     45   2.18075  2.60411  0.32030  2.44021     46 - -
          1.38629  1.38629  1.38629  1.38629
          0.05871  3.55745  3.55745  1.46634  0.26236  1.09861  0.40547
     46   0.35992  2.47382  2.12828  2.31304     47 - -
          1.38629  1.38629  1.38629  1.38629
          0.05871  3.55745  3.55745  1.46634  0.26236  1.09861  0.40547
     47   2.18075  2.60411  0.32030  2.44021     48 - -
          1.38629  1.38629  1.38629  1.38629
          0.05871  3.55745  3.55745  1.46634  0.26236  1.09861  0.40547
     48   0.35992  2.47382  2.12828  2.31304     49 - -
          1.38629  1.38629  1.38629  1.38629
          0.05871  3.55745  3.55745  1.46634  0.26236  1.09861  0.40547
     49   2.18075  2.60411  0.32030  2.44021     50 - -
          1.38629  1.38629  1.38629  1.38629
          0.05871  3.55745  3.55745  1.46634  0.26236  1.09861  0.40547
     50   2.39245  0.37311  2.46761  2.00086     51 - -
          1.38629  1.38629  1.38629  1.38629
          0.05871  3.55745  3.55745  1.46634  0.26236  1.09861  0.40547
     51   0.35992  2.47382  2.12828  2.31304     52 - -
          1.38629  1.38629  1.38629  1.38629
          0.05871  3.55745  3.55745  1.46634  0.26236  1.09861  0.40547
     52   2.03106  2.18504  0.44388  2.16464     53 - -
          1.38629  1.38629  1.38629  1.38629
          0.05871  3.55745  3.55745  1.46634  0.26236  1.09861  0.40547
     53   2.18075  2.60411  0.32030  2.44021     54 - -
          1.38629  1.38629  1.38629  1.38629
          0.05871  3.55745  3.55745  1.46634  0.26236  1.09861  0.40547
     54   2.24045  2.01033  2.31156  0.41470     55 - -
          1.38629  1.38629  1.38629  1.38629
          0.05871  3.55745  3.55745  1.46634  0.26236  1.09861  0.40547
     55   2.39245  0.37311  2.46761  2.00086     56 - -
          1.38629  1.38629  1.38629  1.38629
          0.05871  3.55745  3.55745  1.46634  0.26236  1.09861  0.40547
     56   2.16691  1.98123  2.18005  0.45486     57 - -
          1.38629  1.38629  1.38629  1.38629
          0.05871  3.55745  3.55745  1.46634  0.26236  1.09861  0.40547
     57   2.18075  2.60411  0.32030  2.44021     58 - -
          1.38629  1.38629  1.38629  1.38629
          0.05871  3.55745  3.55745  1.46634  0.26236  1.09861  0.40547
     58   2.39245  0.37311  2.46761  2.00086     59 - -
          1.38629  1.38629  1.38629  1.38629
          0.05871  3.55745  3.55745  1.46634  0.26236  1.09861  0.40547
     59   2.24045  2.01033  2.31156  0.41470     60 - -
          1.38629  1.38629  1.38629  1.38629
          0.05871  3.55745  3.55745  1.46634  0.26236  1.09861  0.40547
     60   2.24045  2.01033  2.31156  0.41470     61 - -
          1.38629  1.38629  1.38629  1.38629
          0.05871  3.55745  3.55745  1.46634  0.26236  1.09861  0.40547
     61   2.35209  0.40243  2.42722  1.91154     62 - -
          1.38629  1.38629  1.38629  1.38629
          0.05871  3.55745  3.55745  1.46634  0.26236  1.09861  0.40547
     62   0.35992  2.47382  2.12828  2.31304     63 - -
          1.38629  1.38629  1.38629  1.38629
          0.05871  3.55745  3.55745  1.46634  0.26236  1.09861  0.40547
     63   2.18075  2.60411  0.32030  2.44021     64 - -
          1.38629  1.38629  1.38629  1.38629
          0.05871  3.55745  3.55745  1.46634  0.26236  1.09861  0.40547
     64   2.24045  2.01033  2.31156  0.41470     65 - -
          1.38629  1.38629  1.38629  1.38629
          0.05871  3.55745  3.55745  1.46634  0.26236  1.09861  0.40547
     65   2.18075  2.60411  0.32030  2.44021     66 - -
          1.38629  1.38629  1.38629  1.38629
          0.05871  3.55745  3.55745  1.46634  0.26236  1.09861  0.40547
     66   2.39245  0.37311  2.46761  2.00086     67 - -
          1.38629  1.38629  1.38629  1.38629
          0.05871  3.55745  3.55745  1.46634  0.26236  1.09861  0.40547
     67   2.21578  1.93590  2.28710  0.43839     68 - -
          1.38629  1.38629  1.38629  1.38629
          0.05871  3.55745  3.55745  1.46634  0.26236  1.09861  0.40547
     68   2.24045  2.01033  2.31156  0.41470     69 - -
          1.42116  1.42116  1.42116  1.28845
          0.08040  3.02121  3.55745  1.12137  0.39428  1.09861  0.40547
     69   0.35992  2.47382  2.12828  2.31304     72 - -
          1.38629  1.38629  1.38629  1.38629
          0.05871  3.55745  3.55745  1.46634  0.26236  1.09861  0.40547
     70   2.18075  2.60411  0.32030  2.44021     73 - -
          1.38629  1.38629  1.38629  1.38629
          0.05871  3.55745  3.55745  1.46634  0.26236  1.09861  0.40547
     71   2.39245  0.37311  2.46761  2.00086     74 - -
          1.38629  1.38629  1.38629  1.38629
          0.05871  3.55745  3.55745  1.46634  0.26236  1.09861  0.40547
     72   0.48063  2.09432  2.01676  2.07651     75 - -
          1.38629  1.38629  1.38629  1.38629
          0.05871  3.55745  3.55745  1.46634  0.26236  1.09861  0.40547
     73   2.24045  2.01033  2.31156  0.41470     76 - -
          1.38629  1.38629  1.38629  1.38629
          0.05871  3.55745  3.55745  1.46634  0.26236  1.09861  0.40547
     74   2.24045  2.01033  2.31156  0.41470     77 - -
          1.40388  1.40388  1.40388  1.33533
          0.08040  3.02121  3.55745  0.92712  0.50367  1.09861  0.40547
     75   0.42239  2.30581  2.01267  2.19633     79 - -
          1.38629  1.38629  1.38629  1.38629
          0.05871  3.55745  3.55745  1.46634  0.26236  1.09861  0.40547
     76   2.24045  2.01033  2.31156  0.41470     80 - -
          1.38629  1.38629  1.38629  1.38629
          0.05871  3.55745  3.55745  1.46634  0.26236  1.09861  0.40547
     77   2.27826  0.46273  2.35364  1.75474     81 - -
          1.38629  1.38629  1.38629  1.38629
          0.05871  3.55745  3.55745  1.46634  0.26236  1.09861  0.40547
     78   2.24045  2.01033  2.31156  0.41470     82 - -
          1.38629  1.38629  1.38629  1.38629
          0.05871  3.55745  3.55745  1.46634  0.26236  1.09861  0.40547
     79   0.35992  2.47382  2.12828  2.31304     83 - -
          1.38629  1.38629  1.38629  1.38629
          0.06905  3.55745  3.26466  1.46634  0.26236  1.09861  0.40547
     80   2.36993  0.38281  2.44504  1.98164     84 - -
          1.38629  1.38629  1.38629  1.38629
          0.05931  3.54771  3.54771  1.46634  0.26236  1.20602  0.35580
     81   2.25787  0.47446  2.33323  1.73598     85 - -
          1.38629  1.38629  1.38629  1.38629
          0.05931  3.54771  3.54771  1.46634  0.26236  0.91323  0.51287
     82   2.24045  2.01033  2.31156  0.41470     86 - -
          1.38629  1.38629  1.38629  1.38629
          0.05871  3.55745  3.55745  1.46634  0.26236  1.09861  0.40547
     83   2.06396  2.27440  0.41270  2.22257     87 - -
          1.38629  1.38629  1.38629  1.38629
          0.05871  3.55745  3.55745  1.46634  0.26236  1.09861  0.40547
     84   2.24045  2.01033  2.31156  0.41470     88 - -
          1.38629  1.38629  1.38629  1.38629
          0.05871  3.55745  3.55745  1.46634  0.26236  1.09861  0.40547
     85   2.18075  2.60411  0.32030  2.44021     89 - -
          1.38629  1.38629  1.38629  1.38629
          0.05871  3.55745  3.55745  1.46634  0.26236  1.09861  0.40547
     86   2.39245  0.37311  2.46761  2.00086     90 - -
          1.38629  1.38629  1.38629  1.38629
          0.05871  3.55745  3.55745  1.46634  0.26236  1.09861  0.40547
     87   2.24045  2.01033  2.31156  0.41470     91 - -
          1.38629  1.38629  1.38629  1.38629
          0.05871  3.55745  3.55745  1.46634  0.26236  1.09861  0.40547
     88   2.24045  2.01033  2.31156  0.41470     92 - -
          1.38629  1.38629  1.38629  1.38629
          0.05871  3.55745  3.55745  1.46634  0.26236  1.09861  0.40547
     89   2.18075  2.60411  0.32030  2.44021     93 - -
          1.38629  1.38629  1.38629  1.38629
          0.05871  3.55745  3.55745  1.46634  0.26236  1.09861  0.40547
     90   2.39245  0.37311  2.46761  2.00086     94 - -
          1.38629  1.38629  1.38629  1.38629
          0.05871  3.55745  3.55745  1.46634  0.26236  1.09861  0.40547
     91   0.38457  2.43863  2.04287  2.27968     95 - -
          1.38629  1.38629  1.38629  1.38629
          0.05871  3.55745  3.55745  1.46634  0.26236  1.09861  0.40547
     92   0.35992  2.47382  2.12828  2.31304     96 - -
          1.38629  1.38629  1.38629  1.38629
          0.05871  3.55745  3.55745  1.46634  0.26236  1.09861  0.40547
     93   2.18075  2.60411  0.32030  2.44021     97 - -
          1.38629  1.38629  1.38629  1.38629
          0.05871  3.55745  3.55745  1.46634  0.26236  1.09861  0.40547
     94   2.39245  0.37311  2.46761  2.00086     98 - -
          1.38629  1.38629  1.38629  1.38629
          0.05871  3.55745  3.55745  1.46634  0.26236  1.09861  0.40547
     95   0.35992  2.47382  2.12828  2.31304     99 - -
          1.38629  1.38629  1.38629  1.38629
          0.05871  3.55745  3.55745  1.46634  0.26236  1.09861  0.40547
     96   2.18075  2.60411  0.32030  2.44021    100 - -
          1.38629  1.38629  1.38629  1.38629
          0.05871  3.55745  3.55745  1.46634  0.26236  1.09861  0.40547
     97   2.39245  0.37311  2.46761  2.00086    101 - -
          1.38629  1.38629  1.38629  1.38629
          0.25123  3.55745  1.64175  1.46634  0.26236  1.09861  0.40547
     98   0.56591  2.10862  1.78411  1.94627    102 - -
          1.38629  1.38629  1.38629  1.38629
          0.07075  3.37697  3.37697  1.46634  0.26236  2.17381  0.12075
     99   1.91769  1.74624  1.98255  0.61451    103 - -
          1.38629  1.38629  1.38629  1.38629
          0.07075  3.37697  3.37697  1.46634  0.26236  1.86302  0.16866
    100   1.82586  2.21434  0.50939  2.04924    104 - -
          1.38629  1.38629  1.38629  1.38629
          0.06984  3.38934  3.38934  1.46634  0.26236  2.13147  0.12632
    101   1.82464  1.74951  1.94551  0.65018    105 - -
          1.38629  1.38629  1.38629  1.38629
          0.06984  3.38934  3.38934  1.46634  0.26236  0.38791  1.13468
    102   0.37814  2.43152  2.09078  2.26946    106 - -
          1.38629  1.38629  1.38629  1.38629
          0.05996  3.53701  3.53701  1.46634  0.26236  1.31092  0.31413
    103   2.20289  1.98095  2.27410  0.43280    107 - -
          1.38629  1.38629  1.38629  1.38629
          0.05996  3.53701  3.53701  1.46634  0.26236  1.31092  0.31413
    104   2.04501  2.51261  0.36506  2.34954    108 - -
          1.38629  1.38629  1.38629  1.38629
          0.05996  3.53701  3.53701  1.46634  0.26236  1.31092  0.31413
    105   2.20289  1.98095  2.27410  0.43280    109 - -
          1.38629  1.38629  1.38629  1.38629
          0.05996  3.53701  3.53701  1.46634  0.26236  1.31092  0.31413
    106   1.95385  0.60294  1.94504  1.78327    110 - -
          1.38629  1.38629  1.38629  1.38629
          0.05996  3.53701  3.53701  1.46634  0.26236  1.31092  0.31413
    107   2.20289  1.98095  2.27410  0.43280    111 - -
          1.38629  1.38629  1.38629  1.38629
          0.05996  3.53701  3.53701  1.46634  0.26236  1.31092  0.31413
    108   1.36096  2.21096  0.68245  2.05094    112 - -
          1.38629  1.38629  1.38629  1.38629
          0.05996  3.53701  3.53701  1.46634  0.26236  1.31092  0.31413
    109   2.34532  0.39376  2.42033  1.96061    113 - -
          1.38629  1.38629  1.38629  1.38629
          0.05996  3.53701  3.53701  1.46634  0.26236  1.31092  0.31413
    110   0.37814  2.43152  2.09078  2.26946    114 - -
          1.38629  1.38629  1.38629  1.38629
          0.05996  3.53701  3.53701  1.46634  0.26236  1.31092  0.31413
    111   1.98987  1.09784  2.06576  0.90889    115 - -
          1.36449  1.36449  1.40858  1.40858
          0.07399  3.16489  3.53701  1.20366  0.35681  1.31092  0.31413
    112   2.20289  1.98095  2.27410  0.43280    118 - -
          1.38629  1.38629  1.38629  1.38629
          0.05996  3.53701  3.53701  1.46634  0.26236  1.31092  0.31413
    113   2.13809  2.55603  0.33833  2.39089    119 - -
          1.38629  1.38629  1.38629  1.38629
          0.05996  3.53701  3.53701  1.46634  0.26236  1.31092  0.31413
    114   2.34532  0.39376  2.42033  1.96061    120 - -
          1.38629  1.38629  1.38629  1.38629
          0.05996  3.53701  3.53701  1.46634  0.26236  1.31092  0.31413
    115   2.20289  1.98095  2.27410  0.43280    121 - -
          1.38629  1.38629  1.38629  1.38629
          0.05996  3.53701  3.53701  1.46634  0.26236  0.77467  0.61777
    116   2.18075  2.60411  0.32030  2.44021    122 - -
          1.38629  1.38629  1.38629  1.38629
          0.05871  3.55745  3.55745  1.46634  0.26236  1.09861  0.40547
    117   2.34200  0.41009  2.41715  1.88982    123 - -
          1.38629  1.38629  1.38629  1.38629
          0.05871  3.55745  3.55745  1.46634  0.26236  1.09861  0.40547
    118   2.24045  2.01033  2.31156  0.41470    124 - -
          1.38629  1.38629  1.38629  1.38629
          0.05871  3.55745  3.55745  1.46634  0.26236  1.09861  0.40547
    119   2.24045  2.01033  2.31156  0.41470    125 - -
          1.38629  1.38629  1.38629  1.38629
          0.05871  3.55745  3.55745  1.46634  0.26236  1.09861  0.40547
    120   2.18228  0.56245  2.25819  1.54710    126 - -
          1.38629  1.38629  1.38629  1.38629
          0.05871  3.55745  3.55745  1.46634  0.26236  1.09861  0.40547
    121   2.18075  2.60411  0.32030  2.44021    127 - -
          1.38629  1.38629  1.38629  1.38629
          0.05871  3.55745  3.55745  1.46634  0.26236  1.09861  0.40547
    122   2.39245  0.37311  2.46761  2.00086    128 - -
          1.38629  1.38629  1.38629  1.38629
          0.05871  3.55745  3.55745  1.46634  0.26236  1.09861  0.40547
    123   2.24045  2.01033  2.31156  0.41470    129 - -
          1.38629  1.38629  1.38629  1.38629
          0.06905  3.55745  3.26466  1.46634  0.26236  1.09861  0.40547
    124   2.22251  1.99635  2.29369  0.42321    130 - -
          1.38629  1.38629  1.38629  1.38629
          0.05931  3.54771  3.54771  1.46634  0.26236  1.20602  0.35580
    125   2.22251  1.99635  2.29369  0.42321    131 - -
          1.38629  1.38629  1.38629  1.38629
          0.05931  3.54771  3.54771  1.46634  0.26236  0.91323  0.51287
    126   2.39245  0.37311  2.46761  2.00086    132 - -
          1.38629  1.38629  1.38629  1.38629
          0.05871  3.55745  3.55745  1.46634  0.26236  1.09861  0.40547
    127   2.39245  0.37311  2.46761  2.00086    133 - -
          1.39540  1.35946  1.39540  1.39540
          0.06984  3.24562  3.55745  1.12186  0.39404  1.09861  0.40547
    128   0.35992  2.47382  2.12828  2.31304    135 - -
          1.38629  1.38629  1.38629  1.38629
          0.05871  3.55745  3.55745  1.46634  0.26236  1.09861  0.40547
    129   0.35992  2.47382  2.12828  2.31304    136 - -
          1.38629  1.38629  1.38629  1.38629
          0.05871  3.55745  3.55745  1.46634  0.26236  1.09861  0.40547
    130   2.29171  0.42000  2.30979  1.94787    137 - -
          1.38629  1.38629  1.38629  1.38629
          0.05871  3.55745  3.55745  1.46634  0.26236  1.09861  0.40547
    131   0.35992  2.47382  2.12828  2.31304    138 - -
          1.38629  1.38629  1.38629  1.38629
          0.05871  3.55745  3.55745  1.46634  0.26236  1.09861  0.40547
    132   0.35992  2.47382  2.12828  2.31304    139 - -
          1.38629  1.38629  1.38629  1.38629
          0.05871  3.55745  3.55745  1.46634  0.26236  1.09861  0.40547
    133   2.08565  2.55842  0.34627  2.39659    140 - -
          1.38629  1.38629  1.38629  1.38629
          0.05871  3.55745  3.55745  1.46634  0.26236  1.09861  0.40547
    134   2.21802  1.94247  2.28931  0.43620    141 - -
          1.38629  1.38629  1.38629  1.38629
          0.05871  3.55745  3.55745  1.46634  0.26236  1.09861  0.40547
    135   2.39245  0.37311  2.46761  2.00086    142 - -
          1.38629  1.38629  1.38629  1.38629
          0.05871  3.55745  3.55745  1.46634  0.26236  1.09861  0.40547
    136   0.35992  2.47382  2.12828  2.31304    143 - -
          1.38629  1.38629  1.38629  1.38629
          0.05871  3.55745  3.55745  1.46634  0.26236  1.09861  0.40547
    137   2.17245  1.81138  2.24440  0.48340    144 - -
          1.38629  1.38629  1.38629  1.38629
          0.05871  3.55745  3.55745  1.46634  0.26236  1.09861  0.40547
    138   2.27826  0.46273  2.35364  1.75474    145 - -
          1.38629  1.38629  1.38629  1.38629
          0.05871  3.55745  3.55745  1.46634  0.26236  1.09861  0.40547
    139   2.18075  2.60411  0.32030  2.44021    146 - -
          1.38629  1.38629  1.38629  1.38629
          0.06979  3.55745  3.24678  1.46634  0.26236  1.09861  0.40547
    140   0.49163  2.22044  1.84043  2.11145    147 - -
          1.38629  1.38629  1.38629  1.38629
          0.09209  3.54701  2.82744  1.46634  0.26236  1.21323  0.35273
    141   2.16486  1.95081  2.23601  0.45226    148 - -
          1.38629  1.38629  1.38629  1.38629
          0.06126  3.51619  3.51619  1.46634  0.26236  0.76609  0.62516
    142   2.36832  0.38351  2.44343  1.98026    149 - -
          1.38629  1.38629  1.38629  1.38629
          0.05935  3.54701  3.54701  1.46634  0.26236  1.21323  0.35273
    143   2.15899  2.57954  0.32937  2.41497    150 - -
          1.38629  1.38629  1.38629  1.38629
          0.05935  3.54701  3.54701  1.46634  0.26236  0.90256  0.52009
    144   2.27826  0.46273  2.35364  1.75474    151 - -
          1.38629  1.38629  1.38629  1.38629
          0.05871  3.55745  3.55745  1.46634  0.26236  1.09861  0.40547
    145   1.67230  1.82033  1.30351  0.97118    152 - -
          1.38629  1.38629  1.38629  1.38629
          0.05871  3.55745  3.55745  1.46634  0.26236  1.09861  0.40547
    146   2.24045  2.01033  2.31156  0.41470    153 - -
          1.38629  1.38629  1.38629  1.38629
          0.10253  3.55745  2.67449  1.46634  0.26236  1.09861  0.40547
    147   2.16485  1.95080  2.23600  0.45226    154 - -
          1.38629  1.38629  1.38629  1.38629
          0.06126  3.51618  3.51618  1.46634  0.26236  1.48570  0.25663
    148   2.16485  1.95080  2.23600  0.45226    155 - -
          1.38629  1.38629  1.38629  1.38629
          0.06126  3.51618  3.51618  1.46634  0.26236  1.48570  0.25663
    149   2.09429  2.50715  0.35794  2.34101    156 - -
          1.38629  1.38629  1.38629  1.38629
          0.06126  3.51618  3.51618  1.46634  0.26236  1.48570  0.25663
    150   2.16485  1.95080  2.23600  0.45226    157 - -
          1.38629  1.38629  1.38629  1.38629
          0.06126  3.51618  3.51618  1.46634  0.26236  1.48570  0.25663
    151   2.09429  2.50715  0.35794  2.34101    158 - -
          1.38629  1.38629  1.38629  1.38629
          0.06126  3.51618  3.51618  1.46634  0.26236  1.48570  0.25663
    152   2.16485  1.95080  2.23600  0.45226    159 - -
          1.38629  1.38629  1.38629  1.38629
          0.06126  3.51618  3.51618  1.46634  0.26236  1.48570  0.25663
    153   2.16485  1.95080  2.23600  0.45226    160 - -
          1.38629  1.38629  1.38629  1.38629
          0.06126  3.51618  3.51618  1.46634  0.26236  1.17491  0.36940
    154   2.32227  0.40437  2.39714  1.94090    161 - -
          1.38629  1.38629  1.38629  1.38629
          0.06059  3.52695  3.52695  1.46634  0.26236  1.39959  0.28329
    155   2.11697  2.53241  0.34764  2.36675    162 - -
          1.38629  1.38629  1.38629  1.38629
          0.06059  3.52695  3.52695  1.46634  0.26236  1.39959  0.28329
    156   2.18449  1.96641  2.25569  0.44207    163 - -
          1.38629  1.38629  1.38629  1.38629
          0.06059  3.52695  3.52695  1.46634  0.26236  1.39959  0.28329
    157   0.38751  2.41077  2.07214  2.24817    164 - -
          1.38629  1.38629  1.38629  1.38629
          0.06059  3.52695  3.52695  1.46634  0.26236  0.68002  0.70644
    158   0.35992  2.47382  2.12828  2.31304    165 - -
          1.38629  1.38629  1.38629  1.38629
          0.05871  3.55745  3.55745  1.46634  0.26236  1.09861  0.40547
    159   0.48947  2.31801  1.75236  2.16096    166 - -
          1.38629  1.38629  1.38629  1.38629
          0.05871  3.55745  3.55745  1.46634  0.26236  1.09861  0.40547
    160   2.24045  2.01033  2.31156  0.41470    167 - -
          1.38629  1.38629  1.38629  1.38629
          0.05871  3.55745  3.55745  1.46634  0.26236  1.09861  0.40547
    161   2.18075  2.60411  0.32030  2.44021    168 - -
          1.38629  1.38629  1.38629  1.38629
          0.05871  3.55745  3.55745  1.46634  0.26236  1.09861  0.40547
    162   2.18075  2.60411  0.32030  2.44021    169 - -
          1.38629  1.38629  1.38629  1.38629
          0.05871  3.55745  3.55745  1.46634  0.26236  1.09861  0.40547
    163   2.39245  0.37311  2.46761  2.00086    170 - -
          1.38629  1.38629  1.38629  1.38629
          0.05871  3.55745  3.55745  1.46634  0.26236  1.09861  0.40547
    164   2.24045  2.01033  2.31156  0.41470    171 - -
          1.38629  1.38629  1.38629  1.38629
          0.05871  3.55745  3.55745  1.46634  0.26236  1.09861  0.40547
    165   2.24045  2.01033  2.31156  0.41470    172 - -
          1.38629  1.38629  1.38629  1.38629
          0.05871  3.55745  3.55745  1.46634  0.26236  1.09861  0.40547
    166   2.18075  2.60411  0.32030  2.44021    173 - -
          1.38629  1.38629  1.38629  1.38629
          0.05871  3.55745  3.55745  1.46634  0.26236  1.09861  0.40547
    167   2.24045  2.01033  2.31156  0.41470    174 - -
          1.38629  1.38629  1.38629  1.38629
          0.05871  3.55745  3.55745  1.46634  0.26236  1.09861  0.40547
    168   2.24045  2.01033  2.31156  0.41470    175 - -
          1.38629  1.38629  1.38629  1.38629
          0.05871  3.55745  3.55745  1.46634  0.26236  1.09861  0.40547
    169   2.21069  1.92102  2.28207  0.44341    176 - -
          1.38629  1.38629  1.38629  1.38629
          0.05871  3.55745  3.55745  1.46634  0.26236  1.09861  0.40547
    170   2.18075  2.60411  0.32030  2.44021    177 - -
          1.38629  1.38629  1.38629  1.38629
          0.05871  3.55745  3.55745  1.46634  0.26236  1.09861  0.40547
    171   2.39245  0.37311  2.46761  2.00086    178 - -
          1.38629  1.38629  1.38629  1.38629
          0.05871  3.55745  3.55745  1.46634  0.26236  1.09861  0.40547
    172   2.24045  2.01033  2.31156  0.41470    179 - -
          1.38629  1.38629  1.38629  1.38629
          0.05871  3.55745  3.55745  1.46634  0.26236  1.09861  0.40547
    173   2.18075  2.60411  0.32030  2.44021    180 - -
          1.38629  1.38629  1.38629  1.38629
          0.06905  3.55745  3.26466  1.46634  0.26236  1.09861  0.40547
    174   2.36993  0.38281  2.44504  1.98164    181 - -
          1.38629  1.38629  1.38629  1.38629
          0.05931  3.54771  3.54771  1.46634  0.26236  1.20602  0.35580
    175   2.36993  0.38281  2.44504  1.98164    182 - -
          1.38629  1.38629  1.38629  1.38629
          0.05931  3.54771  3.54771  1.46634  0.26236  0.91323  0.51287
    176   2.24045  2.01033  2.31156  0.41470    183 - -
          1.38629  1.38629  1.38629  1.38629
          0.05871  3.55745  3.55745  1.46634  0.26236  1.09861  0.40547
    177   2.18075  2.60411  0.32030  2.44021    184 - -
          1.38629  1.38629  1.38629  1.38629
          0.05871  3.55745  3.55745  1.46634  0.26236  1.09861  0.40547
    178   2.18075  2.60411  0.32030  2.44021    185 - -
          1.38629  1.38629  1.38629  1.38629
          0.05871  3.55745  3.55745  1.46634  0.26236  1.09861  0.40547
    179   2.39245  0.37311  2.46761  2.00086    186 - -
          1.38629  1.38629  1.38629  1.38629
          0.05871  3.55745  3.55745  1.46634  0.26236  1.09861  0.40547
    180   2.39245  0.37311  2.46761  2.00086    187 - -
          1.38629  1.38629  1.38629  1.38629
          0.05871  3.55745  3.55745  1.46634  0.26236  1.09861  0.40547
    181   2.39245  0.37311  2.46761  2.00086    188 - -
          1.38629  1.38629  1.38629  1.38629
          0.05871  3.55745  3.55745  1.46634  0.26236  1.09861  0.40547
    182   0.35992  2.47382  2.12828  2.31304    189 - -
          1.38629  1.38629  1.38629  1.38629
          0.05871  3.55745  3.55745  1.46634  0.26236  1.09861  0.40547
    183   2.17233  1.81102  2.24427  0.48354    190 - -
          1.38629  1.38629  1.38629  1.38629
          0.05871  3.55745  3.55745  1.46634  0.26236  1.09861  0.40547
    184   2.18075  2.60411  0.32030  2.44021    191 - -
          1.38629  1.38629  1.38629  1.38629
          0.05871  3.55745  3.55745  1.46634  0.26236  1.09861  0.40547
    185   2.35154  0.40284  2.42668  1.91036    192 - -
          1.38629  1.38629  1.38629  1.38629
          0.05871  3.55745  3.55745  1.46634  0.26236  1.09861  0.40547
    186   2.18075  2.60411  0.32030  2.44021    193 - -
          1.38629  1.38629  1.38629  1.38629
          0.05871  3.55745  3.55745  1.46634  0.26236  1.09861  0.40547
    187   2.39245  0.37311  2.46761  2.00086    194 - -
          1.38629  1.38629  1.38629  1.38629
          0.05871  3.55745  3.55745  1.46634  0.26236  1.09861  0.40547
    188   2.39245  0.37311  2.46761  2.00086    195 - -
          1.38629  1.38629  1.38629  1.38629
          0.05871  3.55745  3.55745  1.46634  0.26236  1.09861  0.40547
    189   0.35992  2.47382  2.12828  2.31304    196 - -
          1.38629  1.38629  1.38629  1.38629
          0.05871  3.55745  3.55745  1.46634  0.26236  1.09861  0.40547
    190   0.35992  2.47382  2.12828  2.31304    197 - -
          1.38629  1.38629  1.38629  1.38629
          0.05871  3.55745  3.55745  1.46634  0.26236  1.09861  0.40547
    191   2.18075  2.60411  0.32030  2.44021    198 - -
          1.38629  1.38629  1.38629  1.38629
          0.06837  3.55745  3.28140  1.46634  0.26236  1.09861  0.40547
    192   2.25929  0.47361  2.33465  1.73738    199 - -
          1.38629  1.38629  1.38629  1.38629
          0.05927  3.54835  3.54835  1.46634  0.26236  1.19934  0.35867
    193   2.22369  1.99727  2.29486  0.42265    200 - -
          1.38629  1.38629  1.38629  1.38629
          0.05927  3.54835  3.54835  1.46634  0.26236  1.19934  0.35867
    194   2.22369  1.99727  2.29486  0.42265    201 - -
          1.38629  1.38629  1.38629  1.38629
          0.05927  3.54835  3.54835  1.46634  0.26236  1.19934  0.35867
    195   2.16178  2.58268  0.32819  2.41820    202 - -
          1.38629  1.38629  1.38629  1.38629
          0.05927  3.54835  3.54835  1.46634  0.26236  1.19934  0.35867
    196   0.36790  2.45495  2.11163  2.29357    203 - -
          1.38629  1.38629  1.38629  1.38629
          0.05927  3.54835  3.54835  1.46634  0.26236  1.19934  0.35867
    197   2.16178  2.58268  0.32819  2.41820    204 - -
          1.38629  1.38629  1.38629  1.38629
          0.05927  3.54835  3.54835  1.46634  0.26236  1.19934  0.35867
    198   2.37140  0.38216  2.44652  1.98290    205 - -
          1.38629  1.38629  1.38629  1.38629
          0.05927  3.54835  3.54835  1.46634  0.26236  1.19934  0.35867
    199   2.16178  2.58268  0.32819  2.41820    206 - -
          1.38629  1.38629  1.38629  1.38629
          0.05927  3.54835  3.54835  1.46634  0.26236  1.19934  0.35867
    200   2.22369  1.99727  2.29486  0.42265    207 - -
          1.38629  1.38629  1.38629  1.38629
          0.05927  3.54835  3.54835  1.46634  0.26236  1.19934  0.35867
    201   0.39276  2.42069  2.02708  2.26115    208 - -
          1.38629  1.38629  1.38629  1.38629
          0.05927  3.54835  3.54835  1.46634  0.26236  1.19934  0.35867
    202   2.27129  0.43013  2.28933  1.93060    209 - -
          1.40272  1.33857  1.40272  1.40272
          0.08117  3.01210  3.54835  1.54640  0.23954  1.19934  0.35867
    203   2.22369  1.99727  2.29486  0.42265    215 - -
          1.38629  1.38629  1.38629  1.38629
          0.05927  3.54835  3.54835  1.46634  0.26236  1.19934  0.35867
    204   2.16178  2.58268  0.32819  2.41820    216 - -
          1.38629  1.38629  1.38629  1.38629
          0.05927  3.54835  3.54835  1.46634  0.26236  1.19934  0.35867
    205   2.22369  1.99727  2.29486  0.42265    217 - -
          1.38629  1.38629  1.38629  1.38629
          0.05927  3.54835  3.54835  1.46634  0.26236  1.19934  0.35867
    206   2.22369  1.99727  2.29486  0.42265    218 - -
          1.38629  1.38629  1.38629  1.38629
          0.05927  3.54835  3.54835  1.46634  0.26236  1.19934  0.35867
    207   2.16178  2.58268  0.32819  2.41820    219 - -
          1.38629  1.38629  1.38629  1.38629
          0.05927  3.54835  3.54835  1.46634  0.26236  1.19934  0.35867
    208   2.22369  1.99727  2.29486  0.42265    220 - -
          1.38629  1.38629  1.38629  1.38629
          0.05927  3.54835  3.54835  1.46634  0.26236  1.19934  0.35867
    209   2.22369  1.99727  2.29486  0.42265    221 - -
          1.38629  1.38629  1.38629  1.38629
          0.05927  3.54835  3.54835  1.46634  0.26236  1.19934  0.35867
    210   2.37140  0.38216  2.44652  1.98290    222 - -
          1.38629  1.38629  1.38629  1.38629
          0.05927  3.54835  3.54835  1.46634  0.26236  1.19934  0.35867
    211   2.37140  0.38216  2.44652  1.98290    223 - -
          1.38629  1.38629  1.38629  1.38629
          0.05927  3.54835  3.54835  1.46634  0.26236  0.92329  0.50619
    212   0.35992  2.47382  2.12828  2.31304    224 - -
          1.38629  1.38629  1.38629  1.38629
          0.05871  3.55745  3.55745  1.46634  0.26236  1.09861  0.40547
    213   0.40353  2.38021  2.08448  2.16160    225 - -
          1.38629  1.38629  1.38629  1.38629
          0.05871  3.55745  3.55745  1.46634  0.26236  1.09861  0.40547
    214   2.18075  2.60411  0.32030  2.44021    226 - -
          1.38629  1.38629  1.38629  1.38629
          0.06905  3.55745  3.26466  1.46634  0.26236  1.09861  0.40547
    215   2.36993  0.38281  2.44504  1.98164    227 - -
          1.38629  1.38629  1.38629  1.38629
          0.05931  3.54771  3.54771  1.46634  0.26236  1.20602  0.35580
    216   2.19835  1.92175  2.26975  0.44734    228 - -
          1.38629  1.38629  1.38629  1.38629
          0.05931  3.54771  3.54771  1.46634  0.26236  0.91323  0.51287
    217   2.24045  2.01033  2.31156  0.41470    229 - -
          1.31213  1.41229  1.41229  1.41229
          0.09109  2.83789  3.55745  0.79278  0.60255  1.09861  0.40547
    218   1.42702  1.84570  1.91471  0.78816    231 - -
          1.38629  1.38629  1.38629  1.38629
          0.05871  3.55745  3.55745  1.46634  0.26236  1.09861  0.40547
    219   2.18075  2.60411  0.32030  2.44021    232 - -
          1.38629  1.38629  1.38629  1.38629
          0.05871  3.55745  3.55745  1.46634  0.26236  1.09861  0.40547
    220   2.39245  0.37311  2.46761  2.00086    233 - -
          1.38629  1.38629  1.38629  1.38629
          0.05871  3.55745  3.55745  1.46634  0.26236  1.09861  0.40547
    221   2.17245  1.81138  2.24440  0.48340    234 - -
          1.38629  1.38629  1.38629  1.38629
          0.05871  3.55745  3.55745  1.46634  0.26236  1.09861  0.40547
    222   2.21667  1.93852  2.28798  0.43751    235 - -
          1.59044  1.36505  1.28430  1.33199
          0.10432  2.65135  3.55745  1.72630  0.19594  1.09861  0.40547
    223   2.18075  2.60411  0.32030  2.44021    243 - -
          1.38629  1.38629  1.38629  1.38629
          0.05871  3.55745  3.55745  1.46634  0.26236  1.09861  0.40547
    224   2.18418  0.51588  2.20690  1.71249    244 - -
          1.38629  1.38629  1.38629  1.38629
          0.05871  3.55745  3.55745  1.46634  0.26236  1.09861  0.40547
    225   0.35992  2.47382  2.12828  2.31304    245 - -
          1.38629  1.38629  1.38629  1.38629
          0.05871  3.55745  3.55745  1.46634  0.26236  1.09861  0.40547
    226   2.05518  1.93500  1.97306  0.53022    246 - -
          1.38629  1.38629  1.38629  1.38629
          0.05871  3.55745  3.55745  1.46634  0.26236  1.09861  0.40547
    227   2.39245  0.37311  2.46761  2.00086    247 - -
          1.38629  1.38629  1.38629  1.38629
          0.05871  3.55745  3.55745  1.46634  0.26236  1.09861  0.40547
    228   2.02823  2.32878  0.44953  2.01671    248 - -
          1.38629  1.38629  1.38629  1.38629
          0.05871  3.55745  3.55745  1.46634  0.26236  1.09861  0.40547
    229   2.24045  2.01033  2.31156  0.41470    249 - -
          1.38629  1.38629  1.38629  1.38629
          0.05871  3.55745  3.55745  1.46634  0.26236  1.09861  0.40547
    230   1.28708  2.20522  0.72481  2.04576    250 - -
          1.38629  1.38629  1.38629  1.38629
          0.05871  3.55745  3.55745  1.46634  0.26236  1.09861  0.40547
    231   2.34937  0.40448  2.42450  1.90566    251 - -
          1.36505  1.36505  1.45287  1.36505
          0.10445  2.64977  3.55745  1.72576  0.19606  1.09861  0.40547
    232   0.53862  2.16672  1.97842  1.81029    259 - -
          1.38629  1.38629  1.38629  1.38629
          0.05871  3.55745  3.55745  1.46634  0.26236  1.09861  0.40547
    233   2.18075  2.60411  0.32030  2.44021    260 - -
          1.38629  1.38629  1.38629  1.38629
          0.05871  3.55745  3.55745  1.46634  0.26236  1.09861  0.40547
    234   2.39245  0.37311  2.46761  2.00086    261 - -
          1.38629  1.38629  1.38629  1.38629
          0.05871  3.55745  3.55745  1.46634  0.26236  1.09861  0.40547
    235   2.24045  2.01033  2.31156  0.41470    262 - -
          1.38629  1.38629  1.38629  1.38629
          0.05871  3.55745  3.55745  1.46634  0.26236  1.09861  0.40547
    236   2.39245  0.37311  2.46761  2.00086    263 - -
          1.38629  1.38629  1.38629  1.38629
          0.05871  3.55745  3.55745  1.46634  0.26236  1.09861  0.40547
    237   0.35992  2.47382  2.12828  2.31304    264 - -
          1.38629  1.38629  1.38629  1.38629
          0.05871  3.55745  3.55745  1.46634  0.26236  1.09861  0.40547
    238   0.35992  2.47382  2.12828  2.31304    265 - -
          1.38629  1.38629  1.38629  1.38629
          0.05871  3.55745  3.55745  1.46634  0.26236  1.09861  0.40547
    239   2.18075  2.60411  0.32030  2.44021    266 - -
          1.38629  1.38629  1.38629  1.38629
          0.05871  3.55745  3.55745  1.46634  0.26236  1.09861  0.40547
    240   2.39245  0.37311  2.46761  2.00086    267 - -
          1.38629  1.38629  1.38629  1.38629
          0.05871  3.55745  3.55745  1.46634  0.26236  1.09861  0.40547
    241   2.18075  2.60411  0.32030  2.44021    268 - -
          1.38629  1.38629  1.38629  1.38629
          0.05871  3.55745  3.55745  1.46634  0.26236  1.09861  0.40547
    242   2.39245  0.37311  2.46761  2.00086    269 - -
          1.38629  1.38629  1.38629  1.38629
          0.05871  3.55745  3.55745  1.46634  0.26236  1.09861  0.40547
    243   2.18075  2.60411  0.32030  2.44021    270 - -
          1.38629  1.38629  1.38629  1.38629
          0.05871  3.55745  3.55745  1.46634  0.26236  1.09861  0.40547
    244   2.39245  0.37311  2.46761  2.00086    271 - -
          1.38629  1.38629  1.38629  1.38629
          0.05871  3.55745  3.55745  1.46634  0.26236  1.09861  0.40547
    245   0.38282  2.44104  2.04863  2.28199    272 - -
          1.38629  1.38629  1.38629  1.38629
          0.06840  3.55745  3.28082  1.46634  0.26236  1.09861  0.40547
    246   2.16174  2.58263  0.32821  2.41815    273 - -
          1.38629  1.38629  1.38629  1.38629
          0.05927  3.54832  3.54832  1.46634  0.26236  0.92293  0.50642
    247   2.39245  0.37311  2.46761  2.00086    274 - -
          1.38629  1.38629  1.38629  1.38629
          0.05871  3.55745  3.55745  1.46634  0.26236  1.09861  0.40547
    248   2.24045  2.01033  2.31156  0.41470    275 - -
          1.38629  1.38629  1.38629  1.38629
          0.05871  3.55745  3.55745  1.46634  0.26236  1.09861  0.40547
    249   2.18075  2.60411  0.32030  2.44021    276 - -
          1.38629  1.38629  1.38629  1.38629
          0.05871  3.55745  3.55745  1.46634  0.26236  1.09861  0.40547
    250   2.24045  2.01033  2.31156  0.41470    277 - -
          1.38629  1.38629  1.38629  1.38629
          0.06905  3.55745  3.26466  1.46634  0.26236  1.09861  0.40547
    251   2.03730  0.81800  2.11374  1.17921    278 - -
          1.38629  1.38629  1.38629  1.38629
          0.05931  3.54771  3.54771  1.46634  0.26236  1.20602  0.35580
    252   2.16045  2.58118  0.32875  2.41665    279 - -
          1.38629  1.38629  1.38629  1.38629
          0.05931  3.54771  3.54771  1.46634  0.26236  0.91323  0.51287
    253   2.18075  2.60411  0.32030  2.44021    280 - -
          1.38629  1.38629  1.38629  1.38629
          0.05871  3.55745  3.55745  1.46634  0.26236  1.09861  0.40547
    254   2.18075  2.60411  0.32030  2.44021    281 - -
          1.39545  1.39545  1.35931  1.39545
          0.06990  3.24408  3.55745  1.12039  0.39475  1.09861  0.40547
    255   0.35992  2.47382  2.12828  2.31304    283 - -
          1.38629  1.38629  1.38629  1.38629
          0.05871  3.55745  3.55745  1.46634  0.26236  1.09861  0.40547
    256   2.24045  2.01033  2.31156  0.41470    284 - -
          1.38629  1.38629  1.38629  1.38629
          0.05871  3.55745  3.55745  1.46634  0.26236  1.09861  0.40547
    257   2.18075  2.60411  0.32030  2.44021    285 - -
          1.38629  1.38629  1.38629  1.38629
          0.05871  3.55745  3.55745  1.46634  0.26236  1.09861  0.40547
    258   2.39245  0.37311  2.46761  2.00086    286 - -
          1.38629  1.38629  1.38629  1.38629
          0.05871  3.55745  3.55745  1.46634  0.26236  1.09861  0.40547
    259   2.24045  2.01033  2.31156  0.41470    287 - -
          1.38629  1.38629  1.38629  1.38629
          0.05871  3.55745  3.55745  1.46634  0.26236  1.09861  0.40547
    260   2.18075  2.60411  0.32030  2.44021    288 - -
          1.38629  1.38629  1.38629  1.38629
          0.05871  3.55745  3.55745  1.46634  0.26236  1.09861  0.40547
    261   0.43429  2.37578  1.89346  2.21837    289 - -
          1.38629  1.38629  1.38629  1.38629
          0.05871  3.55745  3.55745  1.46634  0.26236  1.09861  0.40547
    262   2.24045  2.01033  2.31156  0.41470    290 - -
          1.38629  1.38629  1.38629  1.38629
          0.05871  3.55745  3.55745  1.46634  0.26236  1.09861  0.40547
    263   2.18075  2.60411  0.32030  2.44021    291 - -
          1.38629  1.38629  1.38629  1.38629
          0.05871  3.55745  3.55745  1.46634  0.26236  1.09861  0.40547
    264   2.39245  0.37311  2.46761  2.00086    292 - -
          1.38629  1.38629  1.38629  1.38629
          0.05871  3.55745  3.55745  1.46634  0.26236  1.09861  0.40547
    265   0.35992  2.47382  2.12828  2.31304    293 - -
          1.38629  1.38629  1.38629  1.38629
          0.05871  3.55745  3.55745  1.46634  0.26236  1.09861  0.40547
    266   2.24045  2.01033  2.31156  0.41470    294 - -
          1.38629  1.38629  1.38629  1.38629
          0.05871  3.55745  3.55745  1.46634  0.26236  1.09861  0.40547
    267   2.18075  2.60411  0.32030  2.44021    295 - -
          1.38629  1.38629  1.38629  1.38629
          0.05871  3.55745  3.55745  1.46634  0.26236  1.09861  0.40547
    268   2.39245  0.37311  2.46761  2.00086    296 - -
          1.38629  1.38629  1.38629  1.38629
          0.05871  3.55745  3.55745  1.46634  0.26236  1.09861  0.40547
    269   2.39245  0.37311  2.46761  2.00086    297 - -
          1.38629  1.38629  1.38629  1.38629
          0.05871  3.55745  3.55745  1.46634  0.26236  1.09861  0.40547
    270   2.39245  0.37311  2.46761  2.00086    298 - -
          1.38629  1.38629  1.38629  1.38629
          0.05871  3.55745  3.55745  1.46634  0.26236  1.09861  0.40547
    271   2.19394  1.87274  2.26555  0.46037    299 - -
          1.38629  1.38629  1.38629  1.38629
          0.05871  3.55745  3.55745  1.46634  0.26236  1.09861  0.40547
    272   2.24045  2.01033  2.31156  0.41470    300 - -
          1.41417  1.41417  1.41417  1.30705
          0.09350  2.80100  3.55745  0.76807  0.62345  1.09861  0.40547
    273   0.38282  2.44104  2.04863  2.28199    302 - -
          1.38629  1.38629  1.38629  1.38629
          0.05871  3.55745  3.55745  1.46634  0.26236  1.09861  0.40547
    274   2.18075  2.60411  0.32030  2.44021    303 - -
          1.38629  1.38629  1.38629  1.38629
          0.05871  3.55745  3.55745  1.46634  0.26236  1.09861  0.40547
    275   2.39245  0.37311  2.46761  2.00086    304 - -
          1.38629  1.38629  1.38629  1.38629
          0.05871  3.55745  3.55745  1.46634  0.26236  1.09861  0.40547
    276   0.35992  2.47382  2.12828  2.31304    305 - -
          1.38629  1.38629  1.38629  1.38629
          0.05871  3.55745  3.55745  1.46634  0.26236  1.09861  0.40547
    277   2.24045  2.01033  2.31156  0.41470    306 - -
          1.38629  1.38629  1.38629  1.38629
          0.05871  3.55745  3.55745  1.46634  0.26236  1.09861  0.40547
    278   2.18075  2.60411  0.32030  2.44021    307 - -
          1.38629  1.38629  1.38629  1.38629
          0.05871  3.55745  3.55745  1.46634  0.26236  1.09861  0.40547
    279   0.35992  2.47382  2.12828  2.31304    308 - -
          1.38629  1.38629  1.38629  1.38629
          0.02979  3.52853        *  1.46634  0.26236  0.00000        *
//
