HMMER3/b [3.0 | March 2010]
NAME  CladeI_Alignment_23April13
LENG  320
ALPH  DNA
RF    no
CS    no
MAP   yes
DATE  Thu Apr 25 10:07:06 2013
NSEQ  4
EFFN  1.261719
CKSUM 2201308837
STATS LOCAL MSV      -11.2368  0.70077
STATS LOCAL VITERBI  -12.2063  0.70077
STATS LOCAL FORWARD   -4.8390  0.70077
HMM          A        C        G        T   
            m->m     m->i     m->d     i->m     i->i     d->m     d->d
  COMPO   1.44848  1.39630  1.39313  1.31206
          1.38629  1.38629  1.38629  1.38629
          0.05951  3.54435  3.54435  1.46634  0.26236  0.00000        *
      1   0.37147  2.44668  2.10430  2.28506      1 - -
          1.38629  1.38629  1.38629  1.38629
          0.05951  3.54435  3.54435  1.46634  0.26236  1.09861  0.40547
      2   0.37147  2.44668  2.10430  2.28506      2 - -
          1.38629  1.38629  1.38629  1.38629
          0.05951  3.54435  3.54435  1.46634  0.26236  1.09861  0.40547
      3   2.36219  0.38621  2.43727  1.97503      3 - -
          1.38629  1.38629  1.38629  1.38629
          0.05951  3.54435  3.54435  1.46634  0.26236  1.09861  0.40547
      4   2.36219  0.38621  2.43727  1.97503      4 - -
          1.38629  1.38629  1.38629  1.38629
          0.05951  3.54435  3.54435  1.46634  0.26236  1.09861  0.40547
      5   0.37147  2.44668  2.10430  2.28506      5 - -
          1.38629  1.38629  1.38629  1.38629
          0.05951  3.54435  3.54435  1.46634  0.26236  1.09861  0.40547
      6   0.37147  2.44668  2.10430  2.28506      6 - -
          1.38629  1.38629  1.38629  1.38629
          0.05951  3.54435  3.54435  1.46634  0.26236  1.09861  0.40547
      7   2.21634  1.99152  2.28754  0.42620      7 - -
          1.38629  1.38629  1.38629  1.38629
          0.05951  3.54435  3.54435  1.46634  0.26236  1.09861  0.40547
      8   2.15344  2.57328  0.33172  2.40856      8 - -
          1.38629  1.38629  1.38629  1.38629
          0.05951  3.54435  3.54435  1.46634  0.26236  1.09861  0.40547
      9   2.15344  2.57328  0.33172  2.40856      9 - -
          1.38629  1.38629  1.38629  1.38629
          0.05951  3.54435  3.54435  1.46634  0.26236  1.09861  0.40547
     10   2.36219  0.38621  2.43727  1.97503     10 - -
          1.38629  1.38629  1.38629  1.38629
          0.05951  3.54435  3.54435  1.46634  0.26236  1.09861  0.40547
     11   2.36219  0.38621  2.43727  1.97503     11 - -
          1.38629  1.38629  1.38629  1.38629
          0.05951  3.54435  3.54435  1.46634  0.26236  1.09861  0.40547
     12   2.21634  1.99152  2.28754  0.42620     12 - -
          1.38629  1.38629  1.38629  1.38629
          0.05951  3.54435  3.54435  1.46634  0.26236  1.09861  0.40547
     13   2.36219  0.38621  2.43727  1.97503     13 - -
          1.38629  1.38629  1.38629  1.38629
          0.05951  3.54435  3.54435  1.46634  0.26236  1.09861  0.40547
     14   2.36219  0.38621  2.43727  1.97503     14 - -
          1.38629  1.38629  1.38629  1.38629
          0.05951  3.54435  3.54435  1.46634  0.26236  1.09861  0.40547
     15   2.21634  1.99152  2.28754  0.42620     15 - -
          1.38629  1.38629  1.38629  1.38629
          0.05951  3.54435  3.54435  1.46634  0.26236  1.09861  0.40547
     16   2.15344  2.57328  0.33172  2.40856     16 - -
          1.38629  1.38629  1.38629  1.38629
          0.05951  3.54435  3.54435  1.46634  0.26236  1.09861  0.40547
     17   0.37147  2.44668  2.10430  2.28506     17 - -
          1.38629  1.38629  1.38629  1.38629
          0.05951  3.54435  3.54435  1.46634  0.26236  1.09861  0.40547
     18   0.37147  2.44668  2.10430  2.28506     18 - -
          1.38629  1.38629  1.38629  1.38629
          0.05951  3.54435  3.54435  1.46634  0.26236  1.09861  0.40547
     19   2.36219  0.38621  2.43727  1.97503     19 - -
          1.38629  1.38629  1.38629  1.38629
          0.05951  3.54435  3.54435  1.46634  0.26236  1.09861  0.40547
     20   2.15344  2.57328  0.33172  2.40856     20 - -
          1.38629  1.38629  1.38629  1.38629
          0.05951  3.54435  3.54435  1.46634  0.26236  1.09861  0.40547
     21   2.36219  0.38621  2.43727  1.97503     21 - -
          1.38629  1.38629  1.38629  1.38629
          0.05951  3.54435  3.54435  1.46634  0.26236  1.09861  0.40547
     22   2.21634  1.99152  2.28754  0.42620     22 - -
          1.38629  1.38629  1.38629  1.38629
          0.05951  3.54435  3.54435  1.46634  0.26236  1.09861  0.40547
     23   2.36219  0.38621  2.43727  1.97503     23 - -
          1.38629  1.38629  1.38629  1.38629
          0.05951  3.54435  3.54435  1.46634  0.26236  1.09861  0.40547
     24   0.37147  2.44668  2.10430  2.28506     24 - -
          1.38629  1.38629  1.38629  1.38629
          0.05951  3.54435  3.54435  1.46634  0.26236  1.09861  0.40547
     25   2.21634  1.99152  2.28754  0.42620     25 - -
          1.38629  1.38629  1.38629  1.38629
          0.05951  3.54435  3.54435  1.46634  0.26236  1.09861  0.40547
     26   2.21634  1.99152  2.28754  0.42620     26 - -
          1.38629  1.38629  1.38629  1.38629
          0.05951  3.54435  3.54435  1.46634  0.26236  1.09861  0.40547
     27   2.15344  2.57328  0.33172  2.40856     27 - -
          1.38629  1.38629  1.38629  1.38629
          0.05951  3.54435  3.54435  1.46634  0.26236  1.09861  0.40547
     28   2.36219  0.38621  2.43727  1.97503     28 - -
          1.38629  1.38629  1.38629  1.38629
          0.05951  3.54435  3.54435  1.46634  0.26236  1.09861  0.40547
     29   0.37147  2.44668  2.10430  2.28506     29 - -
          1.38629  1.38629  1.38629  1.38629
          0.05951  3.54435  3.54435  1.46634  0.26236  1.09861  0.40547
     30   2.36219  0.38621  2.43727  1.97503     30 - -
          1.38629  1.38629  1.38629  1.38629
          0.05951  3.54435  3.54435  1.46634  0.26236  1.09861  0.40547
     31   2.36219  0.38621  2.43727  1.97503     31 - -
          1.38629  1.38629  1.38629  1.38629
          0.05951  3.54435  3.54435  1.46634  0.26236  1.09861  0.40547
     32   2.36219  0.38621  2.43727  1.97503     32 - -
          1.38629  1.38629  1.38629  1.38629
          0.05951  3.54435  3.54435  1.46634  0.26236  1.09861  0.40547
     33   2.21634  1.99152  2.28754  0.42620     33 - -
          1.38629  1.38629  1.38629  1.38629
          0.05951  3.54435  3.54435  1.46634  0.26236  1.09861  0.40547
     34   2.21634  1.99152  2.28754  0.42620     34 - -
          1.38629  1.38629  1.38629  1.38629
          0.05951  3.54435  3.54435  1.46634  0.26236  1.09861  0.40547
     35   2.15344  2.57328  0.33172  2.40856     35 - -
          1.38629  1.38629  1.38629  1.38629
          0.05951  3.54435  3.54435  1.46634  0.26236  1.09861  0.40547
     36   2.15344  2.57328  0.33172  2.40856     36 - -
          1.38629  1.38629  1.38629  1.38629
          0.05951  3.54435  3.54435  1.46634  0.26236  1.09861  0.40547
     37   2.15344  2.57328  0.33172  2.40856     37 - -
          1.38629  1.38629  1.38629  1.38629
          0.05951  3.54435  3.54435  1.46634  0.26236  1.09861  0.40547
     38   0.37147  2.44668  2.10430  2.28506     38 - -
          1.38629  1.38629  1.38629  1.38629
          0.05951  3.54435  3.54435  1.46634  0.26236  1.09861  0.40547
     39   2.21634  1.99152  2.28754  0.42620     39 - -
          1.38629  1.38629  1.38629  1.38629
          0.05951  3.54435  3.54435  1.46634  0.26236  1.09861  0.40547
     40   2.21634  1.99152  2.28754  0.42620     40 - -
          1.38629  1.38629  1.38629  1.38629
          0.05951  3.54435  3.54435  1.46634  0.26236  1.09861  0.40547
     41   2.21634  1.99152  2.28754  0.42620     41 - -
          1.38629  1.38629  1.38629  1.38629
          0.05951  3.54435  3.54435  1.46634  0.26236  1.09861  0.40547
     42   2.36219  0.38621  2.43727  1.97503     42 - -
          1.38629  1.38629  1.38629  1.38629
          0.05951  3.54435  3.54435  1.46634  0.26236  1.09861  0.40547
     43   2.36219  0.38621  2.43727  1.97503     43 - -
          1.38629  1.38629  1.38629  1.38629
          0.05951  3.54435  3.54435  1.46634  0.26236  1.09861  0.40547
     44   2.21634  1.99152  2.28754  0.42620     44 - -
          1.38629  1.38629  1.38629  1.38629
          0.05951  3.54435  3.54435  1.46634  0.26236  1.09861  0.40547
     45   2.15344  2.57328  0.33172  2.40856     45 - -
          1.38629  1.38629  1.38629  1.38629
          0.05951  3.54435  3.54435  1.46634  0.26236  1.09861  0.40547
     46   0.37147  2.44668  2.10430  2.28506     46 - -
          1.38629  1.38629  1.38629  1.38629
          0.05951  3.54435  3.54435  1.46634  0.26236  1.09861  0.40547
     47   2.15344  2.57328  0.33172  2.40856     47 - -
          1.38629  1.38629  1.38629  1.38629
          0.05951  3.54435  3.54435  1.46634  0.26236  1.09861  0.40547
     48   2.15344  2.57328  0.33172  2.40856     48 - -
          1.38629  1.38629  1.38629  1.38629
          0.05951  3.54435  3.54435  1.46634  0.26236  1.09861  0.40547
     49   2.15344  2.57328  0.33172  2.40856     49 - -
          1.38629  1.38629  1.38629  1.38629
          0.05951  3.54435  3.54435  1.46634  0.26236  1.09861  0.40547
     50   2.36219  0.38621  2.43727  1.97503     50 - -
          1.38629  1.38629  1.38629  1.38629
          0.05951  3.54435  3.54435  1.46634  0.26236  1.09861  0.40547
     51   0.37147  2.44668  2.10430  2.28506     51 - -
          1.38629  1.38629  1.38629  1.38629
          0.05951  3.54435  3.54435  1.46634  0.26236  1.09861  0.40547
     52   2.21634  1.99152  2.28754  0.42620     52 - -
          1.38629  1.38629  1.38629  1.38629
          0.05951  3.54435  3.54435  1.46634  0.26236  1.09861  0.40547
     53   2.15344  2.57328  0.33172  2.40856     53 - -
          1.38629  1.38629  1.38629  1.38629
          0.05951  3.54435  3.54435  1.46634  0.26236  1.09861  0.40547
     54   2.21634  1.99152  2.28754  0.42620     54 - -
          1.38629  1.38629  1.38629  1.38629
          0.05951  3.54435  3.54435  1.46634  0.26236  1.09861  0.40547
     55   2.36219  0.38621  2.43727  1.97503     55 - -
          1.38629  1.38629  1.38629  1.38629
          0.05951  3.54435  3.54435  1.46634  0.26236  1.09861  0.40547
     56   2.21634  1.99152  2.28754  0.42620     56 - -
          1.38629  1.38629  1.38629  1.38629
          0.05951  3.54435  3.54435  1.46634  0.26236  1.09861  0.40547
     57   2.15344  2.57328  0.33172  2.40856     57 - -
          1.38629  1.38629  1.38629  1.38629
          0.05951  3.54435  3.54435  1.46634  0.26236  1.09861  0.40547
     58   2.36219  0.38621  2.43727  1.97503     58 - -
          1.38629  1.38629  1.38629  1.38629
          0.05951  3.54435  3.54435  1.46634  0.26236  1.09861  0.40547
     59   2.21634  1.99152  2.28754  0.42620     59 - -
          1.38629  1.38629  1.38629  1.38629
          0.05951  3.54435  3.54435  1.46634  0.26236  1.09861  0.40547
     60   2.21634  1.99152  2.28754  0.42620     60 - -
          1.38629  1.38629  1.38629  1.38629
          0.05951  3.54435  3.54435  1.46634  0.26236  1.09861  0.40547
     61   2.36219  0.38621  2.43727  1.97503     61 - -
          1.38629  1.38629  1.38629  1.38629
          0.05951  3.54435  3.54435  1.46634  0.26236  1.09861  0.40547
     62   0.37147  2.44668  2.10430  2.28506     62 - -
          1.38629  1.38629  1.38629  1.38629
          0.05951  3.54435  3.54435  1.46634  0.26236  1.09861  0.40547
     63   2.15344  2.57328  0.33172  2.40856     63 - -
          1.38629  1.38629  1.38629  1.38629
          0.05951  3.54435  3.54435  1.46634  0.26236  1.09861  0.40547
     64   2.21634  1.99152  2.28754  0.42620     64 - -
          1.38629  1.38629  1.38629  1.38629
          0.05951  3.54435  3.54435  1.46634  0.26236  1.09861  0.40547
     65   2.15344  2.57328  0.33172  2.40856     65 - -
          1.38629  1.38629  1.38629  1.38629
          0.05951  3.54435  3.54435  1.46634  0.26236  1.09861  0.40547
     66   2.36219  0.38621  2.43727  1.97503     66 - -
          1.38629  1.38629  1.38629  1.38629
          0.05951  3.54435  3.54435  1.46634  0.26236  1.09861  0.40547
     67   2.21634  1.99152  2.28754  0.42620     67 - -
          1.38629  1.38629  1.38629  1.38629
          0.05951  3.54435  3.54435  1.46634  0.26236  1.09861  0.40547
     68   2.21634  1.99152  2.28754  0.42620     68 - -
          1.38629  1.38629  1.38629  1.38629
          0.05951  3.54435  3.54435  1.46634  0.26236  1.09861  0.40547
     69   0.37147  2.44668  2.10430  2.28506     69 - -
          1.38629  1.38629  1.38629  1.38629
          0.05951  3.54435  3.54435  1.46634  0.26236  1.09861  0.40547
     70   2.15344  2.57328  0.33172  2.40856     70 - -
          1.38629  1.38629  1.38629  1.38629
          0.05951  3.54435  3.54435  1.46634  0.26236  1.09861  0.40547
     71   2.36219  0.38621  2.43727  1.97503     71 - -
          1.38629  1.38629  1.38629  1.38629
          0.05951  3.54435  3.54435  1.46634  0.26236  1.09861  0.40547
     72   2.21634  1.99152  2.28754  0.42620     72 - -
          1.38629  1.38629  1.38629  1.38629
          0.05951  3.54435  3.54435  1.46634  0.26236  1.09861  0.40547
     73   2.21634  1.99152  2.28754  0.42620     73 - -
          1.38629  1.38629  1.38629  1.38629
          0.05951  3.54435  3.54435  1.46634  0.26236  1.09861  0.40547
     74   2.21634  1.99152  2.28754  0.42620     74 - -
          1.38629  1.38629  1.38629  1.38629
          0.05951  3.54435  3.54435  1.46634  0.26236  1.09861  0.40547
     75   2.21634  1.99152  2.28754  0.42620     75 - -
          1.38629  1.38629  1.38629  1.38629
          0.05951  3.54435  3.54435  1.46634  0.26236  1.09861  0.40547
     76   0.37147  2.44668  2.10430  2.28506     76 - -
          1.38629  1.38629  1.38629  1.38629
          0.05951  3.54435  3.54435  1.46634  0.26236  1.09861  0.40547
     77   2.36219  0.38621  2.43727  1.97503     77 - -
          1.38629  1.38629  1.38629  1.38629
          0.05951  3.54435  3.54435  1.46634  0.26236  1.09861  0.40547
     78   0.37147  2.44668  2.10430  2.28506     78 - -
          1.38629  1.38629  1.38629  1.38629
          0.05951  3.54435  3.54435  1.46634  0.26236  1.09861  0.40547
     79   2.36219  0.38621  2.43727  1.97503     79 - -
          1.38629  1.38629  1.38629  1.38629
          0.05951  3.54435  3.54435  1.46634  0.26236  1.09861  0.40547
     80   2.36219  0.38621  2.43727  1.97503     80 - -
          1.38629  1.38629  1.38629  1.38629
          0.05951  3.54435  3.54435  1.46634  0.26236  1.09861  0.40547
     81   2.21634  1.99152  2.28754  0.42620     81 - -
          1.38629  1.38629  1.38629  1.38629
          0.05951  3.54435  3.54435  1.46634  0.26236  1.09861  0.40547
     82   2.21634  1.99152  2.28754  0.42620     82 - -
          1.38629  1.38629  1.38629  1.38629
          0.05951  3.54435  3.54435  1.46634  0.26236  1.09861  0.40547
     83   2.36219  0.38621  2.43727  1.97503     83 - -
          1.38629  1.38629  1.38629  1.38629
          0.05951  3.54435  3.54435  1.46634  0.26236  1.09861  0.40547
     84   1.75968  1.17823  1.09756  1.67989     84 - -
          1.38629  1.38629  1.38629  1.38629
          0.05951  3.54435  3.54435  1.46634  0.26236  1.09861  0.40547
     85   2.21634  1.99152  2.28754  0.42620     85 - -
          1.38629  1.38629  1.38629  1.38629
          0.05951  3.54435  3.54435  1.46634  0.26236  1.09861  0.40547
     86   2.15344  2.57328  0.33172  2.40856     86 - -
          1.38629  1.38629  1.38629  1.38629
          0.05951  3.54435  3.54435  1.46634  0.26236  1.09861  0.40547
     87   2.36219  0.38621  2.43727  1.97503     87 - -
          1.38629  1.38629  1.38629  1.38629
          0.05951  3.54435  3.54435  1.46634  0.26236  1.09861  0.40547
     88   0.98667  2.13716  0.99214  1.97753     88 - -
          1.38629  1.38629  1.38629  1.38629
          0.05951  3.54435  3.54435  1.46634  0.26236  1.09861  0.40547
     89   2.15344  2.57328  0.33172  2.40856     89 - -
          1.38629  1.38629  1.38629  1.38629
          0.05951  3.54435  3.54435  1.46634  0.26236  1.09861  0.40547
     90   2.15344  2.57328  0.33172  2.40856     90 - -
          1.38629  1.38629  1.38629  1.38629
          0.05951  3.54435  3.54435  1.46634  0.26236  1.09861  0.40547
     91   2.36219  0.38621  2.43727  1.97503     91 - -
          1.38629  1.38629  1.38629  1.38629
          0.05951  3.54435  3.54435  1.46634  0.26236  1.09861  0.40547
     92   2.15344  2.57328  0.33172  2.40856     92 - -
          1.38629  1.38629  1.38629  1.38629
          0.05951  3.54435  3.54435  1.46634  0.26236  1.09861  0.40547
     93   2.36219  0.38621  2.43727  1.97503     93 - -
          1.38629  1.38629  1.38629  1.38629
          0.05951  3.54435  3.54435  1.46634  0.26236  1.09861  0.40547
     94   2.15344  2.57328  0.33172  2.40856     94 - -
          1.38629  1.38629  1.38629  1.38629
          0.05951  3.54435  3.54435  1.46634  0.26236  1.09861  0.40547
     95   0.37147  2.44668  2.10430  2.28506     95 - -
          1.38629  1.38629  1.38629  1.38629
          0.05951  3.54435  3.54435  1.46634  0.26236  1.09861  0.40547
     96   2.21634  1.99152  2.28754  0.42620     96 - -
          1.38629  1.38629  1.38629  1.38629
          0.05951  3.54435  3.54435  1.46634  0.26236  1.09861  0.40547
     97   2.15344  2.57328  0.33172  2.40856     97 - -
          1.38629  1.38629  1.38629  1.38629
          0.05951  3.54435  3.54435  1.46634  0.26236  1.09861  0.40547
     98   2.21634  1.99152  2.28754  0.42620     98 - -
          1.38629  1.38629  1.38629  1.38629
          0.05951  3.54435  3.54435  1.46634  0.26236  1.09861  0.40547
     99   2.21634  1.99152  2.28754  0.42620     99 - -
          1.38629  1.38629  1.38629  1.38629
          0.05951  3.54435  3.54435  1.46634  0.26236  1.09861  0.40547
    100   2.21634  1.99152  2.28754  0.42620    100 - -
          1.38629  1.38629  1.38629  1.38629
          0.05951  3.54435  3.54435  1.46634  0.26236  1.09861  0.40547
    101   2.21634  1.99152  2.28754  0.42620    101 - -
          1.38629  1.38629  1.38629  1.38629
          0.05951  3.54435  3.54435  1.46634  0.26236  1.09861  0.40547
    102   2.04806  1.45962  2.12225  0.65599    102 - -
          1.38629  1.38629  1.38629  1.38629
          0.05951  3.54435  3.54435  1.46634  0.26236  1.09861  0.40547
    103   2.15344  2.57328  0.33172  2.40856    103 - -
          1.38629  1.38629  1.38629  1.38629
          0.05951  3.54435  3.54435  1.46634  0.26236  1.09861  0.40547
    104   1.99634  1.05612  2.07241  0.94037    104 - -
          1.38629  1.38629  1.38629  1.38629
          0.05951  3.54435  3.54435  1.46634  0.26236  1.09861  0.40547
    105   2.15344  2.57328  0.33172  2.40856    105 - -
          1.38629  1.38629  1.38629  1.38629
          0.05951  3.54435  3.54435  1.46634  0.26236  1.09861  0.40547
    106   2.21634  1.99152  2.28754  0.42620    106 - -
          1.38629  1.38629  1.38629  1.38629
          0.05951  3.54435  3.54435  1.46634  0.26236  1.09861  0.40547
    107   2.08868  0.68872  2.16492  1.35026    107 - -
          1.38629  1.38629  1.38629  1.38629
          0.05951  3.54435  3.54435  1.46634  0.26236  1.09861  0.40547
    108   1.99660  1.04811  2.07270  0.94737    108 - -
          1.38629  1.38629  1.38629  1.38629
          0.05951  3.54435  3.54435  1.46634  0.26236  1.09861  0.40547
    109   2.21634  1.99152  2.28754  0.42620    109 - -
          1.38629  1.38629  1.38629  1.38629
          0.05951  3.54435  3.54435  1.46634  0.26236  1.09861  0.40547
    110   2.15344  2.57328  0.33172  2.40856    110 - -
          1.38629  1.38629  1.38629  1.38629
          0.05951  3.54435  3.54435  1.46634  0.26236  1.09861  0.40547
    111   2.36219  0.38621  2.43727  1.97503    111 - -
          1.38629  1.38629  1.38629  1.38629
          0.05951  3.54435  3.54435  1.46634  0.26236  1.09861  0.40547
    112   0.37147  2.44668  2.10430  2.28506    112 - -
          1.38629  1.38629  1.38629  1.38629
          0.05951  3.54435  3.54435  1.46634  0.26236  1.09861  0.40547
    113   2.36219  0.38621  2.43727  1.97503    113 - -
          1.38629  1.38629  1.38629  1.38629
          0.05951  3.54435  3.54435  1.46634  0.26236  1.09861  0.40547
    114   2.21634  1.99152  2.28754  0.42620    114 - -
          1.38629  1.38629  1.38629  1.38629
          0.05951  3.54435  3.54435  1.46634  0.26236  1.09861  0.40547
    115   2.36219  0.38621  2.43727  1.97503    115 - -
          1.38629  1.38629  1.38629  1.38629
          0.05951  3.54435  3.54435  1.46634  0.26236  1.09861  0.40547
    116   2.36219  0.38621  2.43727  1.97503    116 - -
          1.38629  1.38629  1.38629  1.38629
          0.05951  3.54435  3.54435  1.46634  0.26236  1.09861  0.40547
    117   2.21634  1.99152  2.28754  0.42620    117 - -
          1.38629  1.38629  1.38629  1.38629
          0.05951  3.54435  3.54435  1.46634  0.26236  1.09861  0.40547
    118   2.15344  2.57328  0.33172  2.40856    118 - -
          1.38629  1.38629  1.38629  1.38629
          0.05951  3.54435  3.54435  1.46634  0.26236  1.09861  0.40547
    119   2.36219  0.38621  2.43727  1.97503    119 - -
          1.38629  1.38629  1.38629  1.38629
          0.05951  3.54435  3.54435  1.46634  0.26236  1.09861  0.40547
    120   0.37147  2.44668  2.10430  2.28506    120 - -
          1.38629  1.38629  1.38629  1.38629
          0.05951  3.54435  3.54435  1.46634  0.26236  1.09861  0.40547
    121   0.37147  2.44668  2.10430  2.28506    121 - -
          1.38629  1.38629  1.38629  1.38629
          0.05951  3.54435  3.54435  1.46634  0.26236  1.09861  0.40547
    122   2.15344  2.57328  0.33172  2.40856    122 - -
          1.38629  1.38629  1.38629  1.38629
          0.05951  3.54435  3.54435  1.46634  0.26236  1.09861  0.40547
    123   2.36219  0.38621  2.43727  1.97503    123 - -
          1.38629  1.38629  1.38629  1.38629
          0.05951  3.54435  3.54435  1.46634  0.26236  1.09861  0.40547
    124   2.36219  0.38621  2.43727  1.97503    124 - -
          1.38629  1.38629  1.38629  1.38629
          0.05951  3.54435  3.54435  1.46634  0.26236  1.09861  0.40547
    125   0.37147  2.44668  2.10430  2.28506    125 - -
          1.38629  1.38629  1.38629  1.38629
          0.05951  3.54435  3.54435  1.46634  0.26236  1.09861  0.40547
    126   2.21634  1.99152  2.28754  0.42620    126 - -
          1.38629  1.38629  1.38629  1.38629
          0.05951  3.54435  3.54435  1.46634  0.26236  1.09861  0.40547
    127   2.36219  0.38621  2.43727  1.97503    127 - -
          1.38629  1.38629  1.38629  1.38629
          0.05951  3.54435  3.54435  1.46634  0.26236  1.09861  0.40547
    128   2.15344  2.57328  0.33172  2.40856    128 - -
          1.38629  1.38629  1.38629  1.38629
          0.05951  3.54435  3.54435  1.46634  0.26236  1.09861  0.40547
    129   2.36219  0.38621  2.43727  1.97503    129 - -
          1.38629  1.38629  1.38629  1.38629
          0.05951  3.54435  3.54435  1.46634  0.26236  1.09861  0.40547
    130   2.21634  1.99152  2.28754  0.42620    130 - -
          1.38629  1.38629  1.38629  1.38629
          0.05951  3.54435  3.54435  1.46634  0.26236  1.09861  0.40547
    131   2.36219  0.38621  2.43727  1.97503    131 - -
          1.38629  1.38629  1.38629  1.38629
          0.05951  3.54435  3.54435  1.46634  0.26236  1.09861  0.40547
    132   0.37147  2.44668  2.10430  2.28506    132 - -
          1.38629  1.38629  1.38629  1.38629
          0.05951  3.54435  3.54435  1.46634  0.26236  1.09861  0.40547
    133   2.15344  2.57328  0.33172  2.40856    133 - -
          1.38629  1.38629  1.38629  1.38629
          0.05951  3.54435  3.54435  1.46634  0.26236  1.09861  0.40547
    134   0.37147  2.44668  2.10430  2.28506    134 - -
          1.38629  1.38629  1.38629  1.38629
          0.05951  3.54435  3.54435  1.46634  0.26236  1.09861  0.40547
    135   2.21634  1.99152  2.28754  0.42620    135 - -
          1.38629  1.38629  1.38629  1.38629
          0.05951  3.54435  3.54435  1.46634  0.26236  1.09861  0.40547
    136   2.21634  1.99152  2.28754  0.42620    136 - -
          1.38629  1.38629  1.38629  1.38629
          0.05951  3.54435  3.54435  1.46634  0.26236  1.09861  0.40547
    137   2.21634  1.99152  2.28754  0.42620    137 - -
          1.38629  1.38629  1.38629  1.38629
          0.05951  3.54435  3.54435  1.46634  0.26236  1.09861  0.40547
    138   2.15344  2.57328  0.33172  2.40856    138 - -
          1.38629  1.38629  1.38629  1.38629
          0.05951  3.54435  3.54435  1.46634  0.26236  1.09861  0.40547
    139   2.08793  0.69013  2.16417  1.34821    139 - -
          1.38629  1.38629  1.38629  1.38629
          0.05951  3.54435  3.54435  1.46634  0.26236  1.09861  0.40547
    140   2.21634  1.99152  2.28754  0.42620    140 - -
          1.38629  1.38629  1.38629  1.38629
          0.05951  3.54435  3.54435  1.46634  0.26236  1.09861  0.40547
    141   2.21634  1.99152  2.28754  0.42620    141 - -
          1.38629  1.38629  1.38629  1.38629
          0.05951  3.54435  3.54435  1.46634  0.26236  1.09861  0.40547
    142   2.36219  0.38621  2.43727  1.97503    142 - -
          1.38629  1.38629  1.38629  1.38629
          0.05951  3.54435  3.54435  1.46634  0.26236  1.09861  0.40547
    143   2.21634  1.99152  2.28754  0.42620    143 - -
          1.38629  1.38629  1.38629  1.38629
          0.05951  3.54435  3.54435  1.46634  0.26236  1.09861  0.40547
    144   2.15344  2.57328  0.33172  2.40856    144 - -
          1.38629  1.38629  1.38629  1.38629
          0.05951  3.54435  3.54435  1.46634  0.26236  1.09861  0.40547
    145   0.37147  2.44668  2.10430  2.28506    145 - -
          1.38629  1.38629  1.38629  1.38629
          0.05951  3.54435  3.54435  1.46634  0.26236  1.09861  0.40547
    146   2.21634  1.99152  2.28754  0.42620    146 - -
          1.38629  1.38629  1.38629  1.38629
          0.05951  3.54435  3.54435  1.46634  0.26236  1.09861  0.40547
    147   2.15344  2.57328  0.33172  2.40856    147 - -
          1.38629  1.38629  1.38629  1.38629
          0.05951  3.54435  3.54435  1.46634  0.26236  1.09861  0.40547
    148   2.15344  2.57328  0.33172  2.40856    148 - -
          1.38629  1.38629  1.38629  1.38629
          0.05951  3.54435  3.54435  1.46634  0.26236  1.09861  0.40547
    149   2.36219  0.38621  2.43727  1.97503    149 - -
          1.38629  1.38629  1.38629  1.38629
          0.05951  3.54435  3.54435  1.46634  0.26236  1.09861  0.40547
    150   2.21634  1.99152  2.28754  0.42620    150 - -
          1.38629  1.38629  1.38629  1.38629
          0.05951  3.54435  3.54435  1.46634  0.26236  1.09861  0.40547
    151   2.21634  1.99152  2.28754  0.42620    151 - -
          1.38629  1.38629  1.38629  1.38629
          0.05951  3.54435  3.54435  1.46634  0.26236  1.09861  0.40547
    152   2.15344  2.57328  0.33172  2.40856    152 - -
          1.38629  1.38629  1.38629  1.38629
          0.05951  3.54435  3.54435  1.46634  0.26236  1.09861  0.40547
    153   2.21634  1.99152  2.28754  0.42620    153 - -
          1.38629  1.38629  1.38629  1.38629
          0.05951  3.54435  3.54435  1.46634  0.26236  1.09861  0.40547
    154   2.21634  1.99152  2.28754  0.42620    154 - -
          1.38629  1.38629  1.38629  1.38629
          0.05951  3.54435  3.54435  1.46634  0.26236  1.09861  0.40547
    155   2.15344  2.57328  0.33172  2.40856    155 - -
          1.38629  1.38629  1.38629  1.38629
          0.05951  3.54435  3.54435  1.46634  0.26236  1.09861  0.40547
    156   0.37147  2.44668  2.10430  2.28506    156 - -
          1.38629  1.38629  1.38629  1.38629
          0.05951  3.54435  3.54435  1.46634  0.26236  1.09861  0.40547
    157   0.37147  2.44668  2.10430  2.28506    157 - -
          1.38629  1.38629  1.38629  1.38629
          0.05951  3.54435  3.54435  1.46634  0.26236  1.09861  0.40547
    158   2.21634  1.99152  2.28754  0.42620    158 - -
          1.38629  1.38629  1.38629  1.38629
          0.05951  3.54435  3.54435  1.46634  0.26236  1.09861  0.40547
    159   1.84879  1.84426  1.53587  0.75681    159 - -
          1.38629  1.38629  1.38629  1.38629
          0.05951  3.54435  3.54435  1.46634  0.26236  1.09861  0.40547
    160   0.37147  2.44668  2.10430  2.28506    160 - -
          1.38629  1.38629  1.38629  1.38629
          0.05951  3.54435  3.54435  1.46634  0.26236  1.09861  0.40547
    161   2.21634  1.99152  2.28754  0.42620    161 - -
          1.38629  1.38629  1.38629  1.38629
          0.05951  3.54435  3.54435  1.46634  0.26236  1.09861  0.40547
    162   2.21634  1.99152  2.28754  0.42620    162 - -
          1.38629  1.38629  1.38629  1.38629
          0.05951  3.54435  3.54435  1.46634  0.26236  1.09861  0.40547
    163   1.46480  2.25546  0.61421  2.09570    163 - -
          1.38629  1.38629  1.38629  1.38629
          0.05951  3.54435  3.54435  1.46634  0.26236  1.09861  0.40547
    164   2.15344  2.57328  0.33172  2.40856    164 - -
          1.38629  1.38629  1.38629  1.38629
          0.05951  3.54435  3.54435  1.46634  0.26236  1.09861  0.40547
    165   2.36219  0.38621  2.43727  1.97503    165 - -
          1.38629  1.38629  1.38629  1.38629
          0.05951  3.54435  3.54435  1.46634  0.26236  1.09861  0.40547
    166   2.21634  1.99152  2.28754  0.42620    166 - -
          1.38629  1.38629  1.38629  1.38629
          0.05951  3.54435  3.54435  1.46634  0.26236  1.09861  0.40547
    167   2.15344  2.57328  0.33172  2.40856    167 - -
          1.38629  1.38629  1.38629  1.38629
          0.05951  3.54435  3.54435  1.46634  0.26236  1.09861  0.40547
    168   2.21634  1.99152  2.28754  0.42620    168 - -
          1.38629  1.38629  1.38629  1.38629
          0.05951  3.54435  3.54435  1.46634  0.26236  1.09861  0.40547
    169   2.21634  1.99152  2.28754  0.42620    169 - -
          1.38629  1.38629  1.38629  1.38629
          0.05951  3.54435  3.54435  1.46634  0.26236  1.09861  0.40547
    170   2.21634  1.99152  2.28754  0.42620    170 - -
          1.38629  1.38629  1.38629  1.38629
          0.05951  3.54435  3.54435  1.46634  0.26236  1.09861  0.40547
    171   2.21634  1.99152  2.28754  0.42620    171 - -
          1.38629  1.38629  1.38629  1.38629
          0.05951  3.54435  3.54435  1.46634  0.26236  1.09861  0.40547
    172   2.15344  2.57328  0.33172  2.40856    172 - -
          1.38629  1.38629  1.38629  1.38629
          0.05951  3.54435  3.54435  1.46634  0.26236  1.09861  0.40547
    173   2.36219  0.38621  2.43727  1.97503    173 - -
          1.38629  1.38629  1.38629  1.38629
          0.05951  3.54435  3.54435  1.46634  0.26236  1.09861  0.40547
    174   0.37147  2.44668  2.10430  2.28506    174 - -
          1.38629  1.38629  1.38629  1.38629
          0.05951  3.54435  3.54435  1.46634  0.26236  1.09861  0.40547
    175   0.37147  2.44668  2.10430  2.28506    175 - -
          1.38629  1.38629  1.38629  1.38629
          0.05951  3.54435  3.54435  1.46634  0.26236  1.09861  0.40547
    176   2.15344  2.57328  0.33172  2.40856    176 - -
          1.38629  1.38629  1.38629  1.38629
          0.05951  3.54435  3.54435  1.46634  0.26236  1.09861  0.40547
    177   2.36219  0.38621  2.43727  1.97503    177 - -
          1.38629  1.38629  1.38629  1.38629
          0.05951  3.54435  3.54435  1.46634  0.26236  1.09861  0.40547
    178   2.21634  1.99152  2.28754  0.42620    178 - -
          1.38629  1.38629  1.38629  1.38629
          0.05951  3.54435  3.54435  1.46634  0.26236  1.09861  0.40547
    179   2.36219  0.38621  2.43727  1.97503    179 - -
          1.38629  1.38629  1.38629  1.38629
          0.05951  3.54435  3.54435  1.46634  0.26236  1.09861  0.40547
    180   0.37147  2.44668  2.10430  2.28506    180 - -
          1.38629  1.38629  1.38629  1.38629
          0.05951  3.54435  3.54435  1.46634  0.26236  1.09861  0.40547
    181   0.37147  2.44668  2.10430  2.28506    181 - -
          1.38629  1.38629  1.38629  1.38629
          0.05951  3.54435  3.54435  1.46634  0.26236  1.09861  0.40547
    182   2.15344  2.57328  0.33172  2.40856    182 - -
          1.38629  1.38629  1.38629  1.38629
          0.05951  3.54435  3.54435  1.46634  0.26236  1.09861  0.40547
    183   2.36219  0.38621  2.43727  1.97503    183 - -
          1.38629  1.38629  1.38629  1.38629
          0.05951  3.54435  3.54435  1.46634  0.26236  1.09861  0.40547
    184   2.15344  2.57328  0.33172  2.40856    184 - -
          1.38629  1.38629  1.38629  1.38629
          0.05951  3.54435  3.54435  1.46634  0.26236  1.09861  0.40547
    185   2.36219  0.38621  2.43727  1.97503    185 - -
          1.38629  1.38629  1.38629  1.38629
          0.05951  3.54435  3.54435  1.46634  0.26236  1.09861  0.40547
    186   2.21634  1.99152  2.28754  0.42620    186 - -
          1.38629  1.38629  1.38629  1.38629
          0.05951  3.54435  3.54435  1.46634  0.26236  1.09861  0.40547
    187   2.21634  1.99152  2.28754  0.42620    187 - -
          1.38629  1.38629  1.38629  1.38629
          0.05951  3.54435  3.54435  1.46634  0.26236  1.09861  0.40547
    188   2.21634  1.99152  2.28754  0.42620    188 - -
          1.38629  1.38629  1.38629  1.38629
          0.05951  3.54435  3.54435  1.46634  0.26236  1.09861  0.40547
    189   2.15344  2.57328  0.33172  2.40856    189 - -
          1.38629  1.38629  1.38629  1.38629
          0.05951  3.54435  3.54435  1.46634  0.26236  1.09861  0.40547
    190   2.21634  1.99152  2.28754  0.42620    190 - -
          1.38629  1.38629  1.38629  1.38629
          0.05951  3.54435  3.54435  1.46634  0.26236  1.09861  0.40547
    191   2.15344  2.57328  0.33172  2.40856    191 - -
          1.38629  1.38629  1.38629  1.38629
          0.05951  3.54435  3.54435  1.46634  0.26236  1.09861  0.40547
    192   0.37147  2.44668  2.10430  2.28506    192 - -
          1.38629  1.38629  1.38629  1.38629
          0.05951  3.54435  3.54435  1.46634  0.26236  1.09861  0.40547
    193   2.21634  1.99152  2.28754  0.42620    193 - -
          1.38629  1.38629  1.38629  1.38629
          0.05951  3.54435  3.54435  1.46634  0.26236  1.09861  0.40547
    194   2.21634  1.99152  2.28754  0.42620    194 - -
          1.38629  1.38629  1.38629  1.38629
          0.05951  3.54435  3.54435  1.46634  0.26236  1.09861  0.40547
    195   2.36219  0.38621  2.43727  1.97503    195 - -
          1.38629  1.38629  1.38629  1.38629
          0.05951  3.54435  3.54435  1.46634  0.26236  1.09861  0.40547
    196   0.37147  2.44668  2.10430  2.28506    196 - -
          1.38629  1.38629  1.38629  1.38629
          0.05951  3.54435  3.54435  1.46634  0.26236  1.09861  0.40547
    197   2.21634  1.99152  2.28754  0.42620    197 - -
          1.38629  1.38629  1.38629  1.38629
          0.05951  3.54435  3.54435  1.46634  0.26236  1.09861  0.40547
    198   0.37147  2.44668  2.10430  2.28506    198 - -
          1.38629  1.38629  1.38629  1.38629
          0.05951  3.54435  3.54435  1.46634  0.26236  1.09861  0.40547
    199   2.15344  2.57328  0.33172  2.40856    199 - -
          1.38629  1.38629  1.38629  1.38629
          0.05951  3.54435  3.54435  1.46634  0.26236  1.09861  0.40547
    200   2.36219  0.38621  2.43727  1.97503    200 - -
          1.38629  1.38629  1.38629  1.38629
          0.05951  3.54435  3.54435  1.46634  0.26236  1.09861  0.40547
    201   0.37147  2.44668  2.10430  2.28506    201 - -
          1.38629  1.38629  1.38629  1.38629
          0.05951  3.54435  3.54435  1.46634  0.26236  1.09861  0.40547
    202   0.37147  2.44668  2.10430  2.28506    202 - -
          1.38629  1.38629  1.38629  1.38629
          0.05951  3.54435  3.54435  1.46634  0.26236  1.09861  0.40547
    203   0.37147  2.44668  2.10430  2.28506    203 - -
          1.38629  1.38629  1.38629  1.38629
          0.05951  3.54435  3.54435  1.46634  0.26236  1.09861  0.40547
    204   2.36219  0.38621  2.43727  1.97503    204 - -
          1.38629  1.38629  1.38629  1.38629
          0.05951  3.54435  3.54435  1.46634  0.26236  1.09861  0.40547
    205   2.36219  0.38621  2.43727  1.97503    205 - -
          1.38629  1.38629  1.38629  1.38629
          0.05951  3.54435  3.54435  1.46634  0.26236  1.09861  0.40547
    206   1.99634  1.05612  2.07241  0.94037    206 - -
          1.38629  1.38629  1.38629  1.38629
          0.05951  3.54435  3.54435  1.46634  0.26236  1.09861  0.40547
    207   0.37147  2.44668  2.10430  2.28506    207 - -
          1.38629  1.38629  1.38629  1.38629
          0.05951  3.54435  3.54435  1.46634  0.26236  1.09861  0.40547
    208   2.08645  0.69296  2.16270  1.34414    208 - -
          1.38629  1.38629  1.38629  1.38629
          0.05951  3.54435  3.54435  1.46634  0.26236  1.09861  0.40547
    209   2.15344  2.57328  0.33172  2.40856    209 - -
          1.38629  1.38629  1.38629  1.38629
          0.05951  3.54435  3.54435  1.46634  0.26236  1.09861  0.40547
    210   2.15344  2.57328  0.33172  2.40856    210 - -
          1.38629  1.38629  1.38629  1.38629
          0.05951  3.54435  3.54435  1.46634  0.26236  1.09861  0.40547
    211   2.15344  2.57328  0.33172  2.40856    211 - -
          1.38629  1.38629  1.38629  1.38629
          0.05951  3.54435  3.54435  1.46634  0.26236  1.09861  0.40547
    212   0.37147  2.44668  2.10430  2.28506    212 - -
          1.38629  1.38629  1.38629  1.38629
          0.05951  3.54435  3.54435  1.46634  0.26236  1.09861  0.40547
    213   2.21634  1.99152  2.28754  0.42620    213 - -
          1.38629  1.38629  1.38629  1.38629
          0.05951  3.54435  3.54435  1.46634  0.26236  1.09861  0.40547
    214   2.21634  1.99152  2.28754  0.42620    214 - -
          1.38629  1.38629  1.38629  1.38629
          0.05951  3.54435  3.54435  1.46634  0.26236  1.09861  0.40547
    215   2.36219  0.38621  2.43727  1.97503    215 - -
          1.38629  1.38629  1.38629  1.38629
          0.05951  3.54435  3.54435  1.46634  0.26236  1.09861  0.40547
    216   2.15344  2.57328  0.33172  2.40856    216 - -
          1.38629  1.38629  1.38629  1.38629
          0.05951  3.54435  3.54435  1.46634  0.26236  1.09861  0.40547
    217   2.36219  0.38621  2.43727  1.97503    217 - -
          1.38629  1.38629  1.38629  1.38629
          0.05951  3.54435  3.54435  1.46634  0.26236  1.09861  0.40547
    218   2.21634  1.99152  2.28754  0.42620    218 - -
          1.38629  1.38629  1.38629  1.38629
          0.05951  3.54435  3.54435  1.46634  0.26236  1.09861  0.40547
    219   2.21634  1.99152  2.28754  0.42620    219 - -
          1.38629  1.38629  1.38629  1.38629
          0.05951  3.54435  3.54435  1.46634  0.26236  1.09861  0.40547
    220   2.15344  2.57328  0.33172  2.40856    220 - -
          1.38629  1.38629  1.38629  1.38629
          0.05951  3.54435  3.54435  1.46634  0.26236  1.09861  0.40547
    221   2.15344  2.57328  0.33172  2.40856    221 - -
          1.38629  1.38629  1.38629  1.38629
          0.05951  3.54435  3.54435  1.46634  0.26236  1.09861  0.40547
    222   2.15344  2.57328  0.33172  2.40856    222 - -
          1.38629  1.38629  1.38629  1.38629
          0.05951  3.54435  3.54435  1.46634  0.26236  1.09861  0.40547
    223   2.21634  1.99152  2.28754  0.42620    223 - -
          1.38629  1.38629  1.38629  1.38629
          0.05951  3.54435  3.54435  1.46634  0.26236  1.09861  0.40547
    224   2.36219  0.38621  2.43727  1.97503    224 - -
          1.38629  1.38629  1.38629  1.38629
          0.05951  3.54435  3.54435  1.46634  0.26236  1.09861  0.40547
    225   2.15344  2.57328  0.33172  2.40856    225 - -
          1.38629  1.38629  1.38629  1.38629
          0.05951  3.54435  3.54435  1.46634  0.26236  1.09861  0.40547
    226   2.36219  0.38621  2.43727  1.97503    226 - -
          1.38629  1.38629  1.38629  1.38629
          0.05951  3.54435  3.54435  1.46634  0.26236  1.09861  0.40547
    227   2.15344  2.57328  0.33172  2.40856    227 - -
          1.38629  1.38629  1.38629  1.38629
          0.05951  3.54435  3.54435  1.46634  0.26236  1.09861  0.40547
    228   2.36219  0.38621  2.43727  1.97503    228 - -
          1.38629  1.38629  1.38629  1.38629
          0.05951  3.54435  3.54435  1.46634  0.26236  1.09861  0.40547
    229   2.21634  1.99152  2.28754  0.42620    229 - -
          1.38629  1.38629  1.38629  1.38629
          0.05951  3.54435  3.54435  1.46634  0.26236  1.09861  0.40547
    230   2.15344  2.57328  0.33172  2.40856    230 - -
          1.38629  1.38629  1.38629  1.38629
          0.05951  3.54435  3.54435  1.46634  0.26236  1.09861  0.40547
    231   2.36219  0.38621  2.43727  1.97503    231 - -
          1.38629  1.38629  1.38629  1.38629
          0.05951  3.54435  3.54435  1.46634  0.26236  1.09861  0.40547
    232   2.21634  1.99152  2.28754  0.42620    232 - -
          1.38629  1.38629  1.38629  1.38629
          0.05951  3.54435  3.54435  1.46634  0.26236  1.09861  0.40547
    233   2.15344  2.57328  0.33172  2.40856    233 - -
          1.38629  1.38629  1.38629  1.38629
          0.05951  3.54435  3.54435  1.46634  0.26236  1.09861  0.40547
    234   0.37147  2.44668  2.10430  2.28506    234 - -
          1.38629  1.38629  1.38629  1.38629
          0.05951  3.54435  3.54435  1.46634  0.26236  1.09861  0.40547
    235   2.21634  1.99152  2.28754  0.42620    235 - -
          1.38629  1.38629  1.38629  1.38629
          0.05951  3.54435  3.54435  1.46634  0.26236  1.09861  0.40547
    236   2.15344  2.57328  0.33172  2.40856    236 - -
          1.38629  1.38629  1.38629  1.38629
          0.05951  3.54435  3.54435  1.46634  0.26236  1.09861  0.40547
    237   2.36219  0.38621  2.43727  1.97503    237 - -
          1.38629  1.38629  1.38629  1.38629
          0.05951  3.54435  3.54435  1.46634  0.26236  1.09861  0.40547
    238   2.36219  0.38621  2.43727  1.97503    238 - -
          1.38629  1.38629  1.38629  1.38629
          0.05951  3.54435  3.54435  1.46634  0.26236  1.09861  0.40547
    239   2.21634  1.99152  2.28754  0.42620    239 - -
          1.38629  1.38629  1.38629  1.38629
          0.05951  3.54435  3.54435  1.46634  0.26236  1.09861  0.40547
    240   0.37147  2.44668  2.10430  2.28506    240 - -
          1.38629  1.38629  1.38629  1.38629
          0.05951  3.54435  3.54435  1.46634  0.26236  1.09861  0.40547
    241   2.36219  0.38621  2.43727  1.97503    241 - -
          1.38629  1.38629  1.38629  1.38629
          0.05951  3.54435  3.54435  1.46634  0.26236  1.09861  0.40547
    242   0.37147  2.44668  2.10430  2.28506    242 - -
          1.38629  1.38629  1.38629  1.38629
          0.05951  3.54435  3.54435  1.46634  0.26236  1.09861  0.40547
    243   2.15344  2.57328  0.33172  2.40856    243 - -
          1.38629  1.38629  1.38629  1.38629
          0.05951  3.54435  3.54435  1.46634  0.26236  1.09861  0.40547
    244   2.36219  0.38621  2.43727  1.97503    244 - -
          1.38629  1.38629  1.38629  1.38629
          0.05951  3.54435  3.54435  1.46634  0.26236  1.09861  0.40547
    245   2.36219  0.38621  2.43727  1.97503    245 - -
          1.38629  1.38629  1.38629  1.38629
          0.05951  3.54435  3.54435  1.46634  0.26236  1.09861  0.40547
    246   2.21634  1.99152  2.28754  0.42620    246 - -
          1.38629  1.38629  1.38629  1.38629
          0.05951  3.54435  3.54435  1.46634  0.26236  1.09861  0.40547
    247   2.21634  1.99152  2.28754  0.42620    247 - -
          1.38629  1.38629  1.38629  1.38629
          0.05951  3.54435  3.54435  1.46634  0.26236  1.09861  0.40547
    248   2.36219  0.38621  2.43727  1.97503    248 - -
          1.38629  1.38629  1.38629  1.38629
          0.05951  3.54435  3.54435  1.46634  0.26236  1.09861  0.40547
    249   0.37147  2.44668  2.10430  2.28506    249 - -
          1.38629  1.38629  1.38629  1.38629
          0.05951  3.54435  3.54435  1.46634  0.26236  1.09861  0.40547
    250   2.15344  2.57328  0.33172  2.40856    250 - -
          1.38629  1.38629  1.38629  1.38629
          0.05951  3.54435  3.54435  1.46634  0.26236  1.09861  0.40547
    251   2.36219  0.38621  2.43727  1.97503    251 - -
          1.38629  1.38629  1.38629  1.38629
          0.05951  3.54435  3.54435  1.46634  0.26236  1.09861  0.40547
    252   0.37147  2.44668  2.10430  2.28506    252 - -
          1.38629  1.38629  1.38629  1.38629
          0.05951  3.54435  3.54435  1.46634  0.26236  1.09861  0.40547
    253   2.21634  1.99152  2.28754  0.42620    253 - -
          1.38629  1.38629  1.38629  1.38629
          0.05951  3.54435  3.54435  1.46634  0.26236  1.09861  0.40547
    254   2.15344  2.57328  0.33172  2.40856    254 - -
          1.38629  1.38629  1.38629  1.38629
          0.05951  3.54435  3.54435  1.46634  0.26236  1.09861  0.40547
    255   2.21634  1.99152  2.28754  0.42620    255 - -
          1.38629  1.38629  1.38629  1.38629
          0.05951  3.54435  3.54435  1.46634  0.26236  1.09861  0.40547
    256   2.15344  2.57328  0.33172  2.40856    256 - -
          1.38629  1.38629  1.38629  1.38629
          0.05951  3.54435  3.54435  1.46634  0.26236  1.09861  0.40547
    257   0.37147  2.44668  2.10430  2.28506    257 - -
          1.38629  1.38629  1.38629  1.38629
          0.05951  3.54435  3.54435  1.46634  0.26236  1.09861  0.40547
    258   0.37147  2.44668  2.10430  2.28506    258 - -
          1.38629  1.38629  1.38629  1.38629
          0.05951  3.54435  3.54435  1.46634  0.26236  1.09861  0.40547
    259   1.46009  2.25363  0.61700  2.09387    259 - -
          1.38629  1.38629  1.38629  1.38629
          0.05951  3.54435  3.54435  1.46634  0.26236  1.09861  0.40547
    260   2.36219  0.38621  2.43727  1.97503    260 - -
          1.38629  1.38629  1.38629  1.38629
          0.05951  3.54435  3.54435  1.46634  0.26236  1.09861  0.40547
    261   2.36219  0.38621  2.43727  1.97503    261 - -
          1.38629  1.38629  1.38629  1.38629
          0.05951  3.54435  3.54435  1.46634  0.26236  1.09861  0.40547
    262   2.15344  2.57328  0.33172  2.40856    262 - -
          1.38629  1.38629  1.38629  1.38629
          0.05951  3.54435  3.54435  1.46634  0.26236  1.09861  0.40547
    263   2.36219  0.38621  2.43727  1.97503    263 - -
          1.38629  1.38629  1.38629  1.38629
          0.05951  3.54435  3.54435  1.46634  0.26236  1.09861  0.40547
    264   0.37147  2.44668  2.10430  2.28506    264 - -
          1.38629  1.38629  1.38629  1.38629
          0.05951  3.54435  3.54435  1.46634  0.26236  1.09861  0.40547
    265   2.21634  1.99152  2.28754  0.42620    265 - -
          1.38629  1.38629  1.38629  1.38629
          0.05951  3.54435  3.54435  1.46634  0.26236  1.09861  0.40547
    266   2.15344  2.57328  0.33172  2.40856    266 - -
          1.38629  1.38629  1.38629  1.38629
          0.05951  3.54435  3.54435  1.46634  0.26236  1.09861  0.40547
    267   2.36219  0.38621  2.43727  1.97503    267 - -
          1.38629  1.38629  1.38629  1.38629
          0.05951  3.54435  3.54435  1.46634  0.26236  1.09861  0.40547
    268   0.37147  2.44668  2.10430  2.28506    268 - -
          1.38629  1.38629  1.38629  1.38629
          0.05951  3.54435  3.54435  1.46634  0.26236  1.09861  0.40547
    269   2.21634  1.99152  2.28754  0.42620    269 - -
          1.38629  1.38629  1.38629  1.38629
          0.05951  3.54435  3.54435  1.46634  0.26236  1.09861  0.40547
    270   2.36219  0.38621  2.43727  1.97503    270 - -
          1.38629  1.38629  1.38629  1.38629
          0.05951  3.54435  3.54435  1.46634  0.26236  1.09861  0.40547
    271   2.21634  1.99152  2.28754  0.42620    271 - -
          1.38629  1.38629  1.38629  1.38629
          0.05951  3.54435  3.54435  1.46634  0.26236  1.09861  0.40547
    272   2.21634  1.99152  2.28754  0.42620    272 - -
          1.38629  1.38629  1.38629  1.38629
          0.05951  3.54435  3.54435  1.46634  0.26236  1.09861  0.40547
    273   0.37147  2.44668  2.10430  2.28506    273 - -
          1.38629  1.38629  1.38629  1.38629
          0.05951  3.54435  3.54435  1.46634  0.26236  1.09861  0.40547
    274   2.15344  2.57328  0.33172  2.40856    274 - -
          1.38629  1.38629  1.38629  1.38629
          0.05951  3.54435  3.54435  1.46634  0.26236  1.09861  0.40547
    275   2.36219  0.38621  2.43727  1.97503    275 - -
          1.38629  1.38629  1.38629  1.38629
          0.05951  3.54435  3.54435  1.46634  0.26236  1.09861  0.40547
    276   0.37147  2.44668  2.10430  2.28506    276 - -
          1.38629  1.38629  1.38629  1.38629
          0.05951  3.54435  3.54435  1.46634  0.26236  1.09861  0.40547
    277   2.21634  1.99152  2.28754  0.42620    277 - -
          1.38629  1.38629  1.38629  1.38629
          0.05951  3.54435  3.54435  1.46634  0.26236  1.09861  0.40547
    278   2.15344  2.57328  0.33172  2.40856    278 - -
          1.38629  1.38629  1.38629  1.38629
          0.05951  3.54435  3.54435  1.46634  0.26236  1.09861  0.40547
    279   0.37147  2.44668  2.10430  2.28506    279 - -
          1.38629  1.38629  1.38629  1.38629
          0.05951  3.54435  3.54435  1.46634  0.26236  1.09861  0.40547
    280   0.37147  2.44668  2.10430  2.28506    280 - -
          1.38629  1.38629  1.38629  1.38629
          0.05951  3.54435  3.54435  1.46634  0.26236  1.09861  0.40547
    281   2.15344  2.57328  0.33172  2.40856    281 - -
          1.38629  1.38629  1.38629  1.38629
          0.05951  3.54435  3.54435  1.46634  0.26236  1.09861  0.40547
    282   2.21634  1.99152  2.28754  0.42620    282 - -
          1.38629  1.38629  1.38629  1.38629
          0.05951  3.54435  3.54435  1.46634  0.26236  1.09861  0.40547
    283   2.36219  0.38621  2.43727  1.97503    283 - -
          1.38629  1.38629  1.38629  1.38629
          0.05951  3.54435  3.54435  1.46634  0.26236  1.09861  0.40547
    284   0.37147  2.44668  2.10430  2.28506    284 - -
          1.38629  1.38629  1.38629  1.38629
          0.05951  3.54435  3.54435  1.46634  0.26236  1.09861  0.40547
    285   2.15344  2.57328  0.33172  2.40856    285 - -
          1.38629  1.38629  1.38629  1.38629
          0.05951  3.54435  3.54435  1.46634  0.26236  1.09861  0.40547
    286   0.37147  2.44668  2.10430  2.28506    286 - -
          1.38629  1.38629  1.38629  1.38629
          0.05951  3.54435  3.54435  1.46634  0.26236  1.09861  0.40547
    287   2.36219  0.38621  2.43727  1.97503    287 - -
          1.38629  1.38629  1.38629  1.38629
          0.05951  3.54435  3.54435  1.46634  0.26236  1.09861  0.40547
    288   0.37147  2.44668  2.10430  2.28506    288 - -
          1.38629  1.38629  1.38629  1.38629
          0.05951  3.54435  3.54435  1.46634  0.26236  1.09861  0.40547
    289   0.37147  2.44668  2.10430  2.28506    289 - -
          1.38629  1.38629  1.38629  1.38629
          0.05951  3.54435  3.54435  1.46634  0.26236  1.09861  0.40547
    290   2.15344  2.57328  0.33172  2.40856    290 - -
          1.38629  1.38629  1.38629  1.38629
          0.05951  3.54435  3.54435  1.46634  0.26236  1.09861  0.40547
    291   0.37147  2.44668  2.10430  2.28506    291 - -
          1.38629  1.38629  1.38629  1.38629
          0.05951  3.54435  3.54435  1.46634  0.26236  1.09861  0.40547
    292   2.15344  2.57328  0.33172  2.40856    292 - -
          1.38629  1.38629  1.38629  1.38629
          0.05951  3.54435  3.54435  1.46634  0.26236  1.09861  0.40547
    293   0.37147  2.44668  2.10430  2.28506    293 - -
          1.38629  1.38629  1.38629  1.38629
          0.05951  3.54435  3.54435  1.46634  0.26236  1.09861  0.40547
    294   0.37147  2.44668  2.10430  2.28506    294 - -
          1.38629  1.38629  1.38629  1.38629
          0.05951  3.54435  3.54435  1.46634  0.26236  1.09861  0.40547
    295   2.36219  0.38621  2.43727  1.97503    295 - -
          1.38629  1.38629  1.38629  1.38629
          0.05951  3.54435  3.54435  1.46634  0.26236  1.09861  0.40547
    296   2.36219  0.38621  2.43727  1.97503    296 - -
          1.38629  1.38629  1.38629  1.38629
          0.05951  3.54435  3.54435  1.46634  0.26236  1.09861  0.40547
    297   2.36219  0.38621  2.43727  1.97503    297 - -
          1.38629  1.38629  1.38629  1.38629
          0.05951  3.54435  3.54435  1.46634  0.26236  1.09861  0.40547
    298   2.15344  2.57328  0.33172  2.40856    298 - -
          1.38629  1.38629  1.38629  1.38629
          0.05951  3.54435  3.54435  1.46634  0.26236  1.09861  0.40547
    299   2.36219  0.38621  2.43727  1.97503    299 - -
          1.38629  1.38629  1.38629  1.38629
          0.05951  3.54435  3.54435  1.46634  0.26236  1.09861  0.40547
    300   2.21634  1.99152  2.28754  0.42620    300 - -
          1.38629  1.38629  1.38629  1.38629
          0.05951  3.54435  3.54435  1.46634  0.26236  1.09861  0.40547
    301   2.15344  2.57328  0.33172  2.40856    301 - -
          1.38629  1.38629  1.38629  1.38629
          0.05951  3.54435  3.54435  1.46634  0.26236  1.09861  0.40547
    302   0.37147  2.44668  2.10430  2.28506    302 - -
          1.38629  1.38629  1.38629  1.38629
          0.05951  3.54435  3.54435  1.46634  0.26236  1.09861  0.40547
    303   0.37147  2.44668  2.10430  2.28506    303 - -
          1.38629  1.38629  1.38629  1.38629
          0.05951  3.54435  3.54435  1.46634  0.26236  1.09861  0.40547
    304   2.21634  1.99152  2.28754  0.42620    304 - -
          1.38629  1.38629  1.38629  1.38629
          0.05951  3.54435  3.54435  1.46634  0.26236  1.09861  0.40547
    305   2.21634  1.99152  2.28754  0.42620    305 - -
          1.38629  1.38629  1.38629  1.38629
          0.05951  3.54435  3.54435  1.46634  0.26236  1.09861  0.40547
    306   2.21634  1.99152  2.28754  0.42620    306 - -
          1.38629  1.38629  1.38629  1.38629
          0.05951  3.54435  3.54435  1.46634  0.26236  1.09861  0.40547
    307   0.37147  2.44668  2.10430  2.28506    307 - -
          1.38629  1.38629  1.38629  1.38629
          0.05951  3.54435  3.54435  1.46634  0.26236  1.09861  0.40547
    308   0.37147  2.44668  2.10430  2.28506    308 - -
          1.38629  1.38629  1.38629  1.38629
          0.05951  3.54435  3.54435  1.46634  0.26236  1.09861  0.40547
    309   2.15344  2.57328  0.33172  2.40856    309 - -
          1.38629  1.38629  1.38629  1.38629
          0.05951  3.54435  3.54435  1.46634  0.26236  1.09861  0.40547
    310   2.36219  0.38621  2.43727  1.97503    310 - -
          1.38629  1.38629  1.38629  1.38629
          0.05951  3.54435  3.54435  1.46634  0.26236  1.09861  0.40547
    311   0.37147  2.44668  2.10430  2.28506    311 - -
          1.38629  1.38629  1.38629  1.38629
          0.05951  3.54435  3.54435  1.46634  0.26236  1.09861  0.40547
    312   2.21634  1.99152  2.28754  0.42620    312 - -
          1.38629  1.38629  1.38629  1.38629
          0.05951  3.54435  3.54435  1.46634  0.26236  1.09861  0.40547
    313   0.37147  2.44668  2.10430  2.28506    313 - -
          1.38629  1.38629  1.38629  1.38629
          0.05951  3.54435  3.54435  1.46634  0.26236  1.09861  0.40547
    314   2.21634  1.99152  2.28754  0.42620    314 - -
          1.38629  1.38629  1.38629  1.38629
          0.05951  3.54435  3.54435  1.46634  0.26236  1.09861  0.40547
    315   0.37147  2.44668  2.10430  2.28506    315 - -
          1.38629  1.38629  1.38629  1.38629
          0.05951  3.54435  3.54435  1.46634  0.26236  1.09861  0.40547
    316   0.37147  2.44668  2.10430  2.28506    316 - -
          1.38629  1.38629  1.38629  1.38629
          0.05951  3.54435  3.54435  1.46634  0.26236  1.09861  0.40547
    317   2.15344  2.57328  0.33172  2.40856    317 - -
          1.38629  1.38629  1.38629  1.38629
          0.05951  3.54435  3.54435  1.46634  0.26236  1.09861  0.40547
    318   2.21634  1.99152  2.28754  0.42620    318 - -
          1.38629  1.38629  1.38629  1.38629
          0.05951  3.54435  3.54435  1.46634  0.26236  1.09861  0.40547
    319   0.37147  2.44668  2.10430  2.28506    319 - -
          1.38629  1.38629  1.38629  1.38629
          0.05951  3.54435  3.54435  1.46634  0.26236  1.09861  0.40547
    320   0.37147  2.44668  2.10430  2.28506    320 - -
          1.38629  1.38629  1.38629  1.38629
          0.03020  3.51504        *  1.46634  0.26236  0.00000        *
//
